2015-09-01 00:06:12 66.75 67.78 94496.00 584.63 94487.00 55.81
2015-09-01 01:06:12 69.20 66.09 94488.00 586.13 94483.00 55.00
2015-09-01 02:06:12 67.24 64.29 94464.00 587.89 94458.00 52.49
2015-09-01 03:06:13 66.75 63.39 94439.00 590.27 94443.00 51.42
2015-09-01 04:06:13 69.68 62.49 94440.00 589.92 94429.00 51.57
2015-09-01 05:06:13 70.17 61.92 94441.00 591.07 94428.00 51.19
2015-09-01 06:06:13 71.64 61.25 94488.00 585.25 94487.00 51.04
2015-09-01 07:06:13 71.15 61.92 94519.00 583.31 94507.00 51.54
2015-09-01 08:06:13 72.61 63.84 94569.00 578.64 94570.00 53.98
2015-09-01 09:06:13 75.54 71.04 94600.00 576.97 94589.00 62.23
2015-09-01 10:06:14 72.12 94.44 94620.00 573.45 94627.00 84.40
2015-09-01 11:06:14 56.01 101.75 94596.00 576.62 94603.00 85.91
2015-09-01 12:06:14 44.29 106.59 94540.00 580.67 94537.00 86.53
2015-09-01 13:06:14 39.41 103.10 94508.00 583.93 94502.00 81.29
2015-09-01 14:06:14 33.55 105.69 94465.00 587.98 94459.00 81.76
2015-09-01 15:06:14 33.06 93.20 94467.00 587.81 94464.00 69.10
2015-09-01 16:06:14 36.48 89.49 94436.00 590.71 94425.00 66.62
2015-09-01 17:06:15 34.04 88.14 94397.00 594.06 94387.00 64.39
2015-09-01 17:35:08 36.48 85.33 94395.00 595.03 94388.00 62.46
2015-09-01 18:35:08 43.80 81.72 94420.00 592.21 94415.00 61.49
2015-09-01 19:35:08 50.15 76.10 94434.00 591.51 94416.00 58.15
2015-09-01 20:35:08 53.57 72.39 94439.00 589.74 94442.00 55.67
2015-09-01 21:35:08 59.43 69.69 94471.00 587.28 94453.00 55.08
2015-09-01 22:35:08 59.43 67.89 94499.00 585.78 94483.00 53.28
2015-09-01 23:35:09 58.94 66.65 94519.00 583.66 94499.00 51.87
2015-09-02 00:35:09 64.31 66.09 94514.00 584.46 94506.00 53.24
2015-09-02 01:35:09 64.31 66.31 94515.00 583.58 94511.00 53.46
2015-09-02 02:35:09 65.29 65.08 94483.00 586.40 94477.00 52.58
2015-09-02 03:35:09 63.34 64.29 94462.00 587.89 94448.00 51.09
2015-09-02 04:35:09 66.27 63.27 94449.00 589.74 94446.00 51.13
2015-09-02 05:35:10 67.73 63.16 94453.00 588.86 94450.00 51.54
2015-09-02 06:35:10 68.22 63.16 94487.00 586.84 94481.00 51.72
2015-09-02 07:35:10 67.73 63.50 94538.00 581.90 94524.00 51.88
2015-09-02 08:35:10 72.61 69.12 94544.00 580.14 94548.00 59.27
2015-09-02 09:35:10 72.61 81.84 94548.00 581.37 94541.00 71.98
2015-09-02 10:35:10 65.78 87.80 94531.00 580.85 94531.00 75.48
2015-09-02 11:35:10 54.06 97.70 94518.00 583.93 94508.00 81.16
2015-09-02 12:35:11 41.85 89.60 94455.00 589.04 94454.00 68.67
2015-09-02 13:35:11 35.02 98.49 94393.00 593.89 94390.00 75.09
2015-09-02 14:35:11 34.04 99.61 94346.00 598.83 94334.00 75.87
2015-09-02 15:35:11 38.43 83.30 94293.00 603.94 94280.00 61.14
2015-09-02 16:35:11 46.73 91.74 94239.00 608.36 94228.00 72.56
2015-09-02 17:35:11 55.52 73.51 94229.00 610.04 94217.00 57.50
2015-09-02 18:35:12 61.87 73.40 94180.00 613.57 94176.00 59.67
2015-09-02 19:35:12 65.29 72.39 94177.00 614.45 94161.00 59.89
2015-09-02 20:35:12 67.73 71.71 94178.00 613.30 94166.00 60.09
2015-09-02 21:35:12 66.75 69.80 94218.00 608.80 94217.00 57.83
2015-09-02 22:35:12 65.78 69.69 94261.00 606.94 94247.00 57.37
2015-09-02 23:35:12 68.22 69.01 94245.00 608.62 94237.00 57.57
2015-09-03 00:35:13 71.15 68.56 94230.00 608.45 94227.00 58.18
2015-09-03 01:35:13 72.61 68.22 94189.00 611.27 94196.00 58.37
2015-09-03 02:35:13 73.10 67.44 94133.00 617.28 94127.00 57.75
2015-09-03 03:35:13 71.64 66.76 94095.00 620.99 94085.00 56.55
2015-09-03 04:35:13 74.08 66.76 94115.00 619.31 94110.00 57.43
2015-09-03 05:35:13 76.03 66.31 94130.00 618.25 94115.00 57.68
2015-09-03 06:35:14 73.59 65.08 94155.00 615.95 94143.00 55.57
2015-09-03 07:35:14 79.45 66.09 94185.00 612.77 94176.00 58.69
2015-09-03 08:35:14 78.47 68.45 94194.00 611.54 94202.00 60.70
2015-09-03 09:35:14 78.47 83.64 94209.00 610.83 94208.00 75.89
2015-09-03 10:35:14 64.80 90.84 94209.00 610.74 94213.00 78.16
2015-09-03 11:35:14 53.57 98.26 94212.00 609.15 94214.00 81.55
2015-09-03 12:35:15 44.29 101.64 94163.00 614.01 94162.00 81.58
2015-09-03 13:35:15 31.60 94.55 94116.00 619.40 94109.00 69.93
2015-09-03 14:35:15 33.06 101.19 94086.00 621.79 94079.00 77.09
2015-09-03 15:35:15 29.64 99.84 94007.00 628.16 94007.00 74.51
2015-09-03 16:35:15 23.79 95.34 93987.00 630.37 93980.00 67.90
2015-09-03 17:35:15 30.62 90.84 93956.00 632.84 93943.00 65.86
2015-09-03 18:35:16 41.85 79.92 93934.00 634.17 93922.00 58.99
2015-09-03 18:49:45 42.83 79.59 93942.00 634.26 93935.00 59.00
2015-09-03 19:49:45 50.15 74.86 93946.00 634.17 93941.00 56.92
2015-09-03 20:49:45 54.06 71.38 93986.00 629.48 93985.00 54.84
2015-09-03 21:49:45 56.99 69.46 94045.00 624.62 94050.00 53.98
2015-09-03 22:49:46 59.92 68.11 94083.00 621.70 94080.00 53.68
2015-09-03 23:49:46 63.34 67.78 94089.00 622.05 94078.00 54.58
2015-09-04 00:49:46 64.31 67.55 94073.00 622.14 94069.00 54.70
2015-09-04 01:49:46 68.71 65.97 94069.00 623.29 94065.00 54.71
2015-09-04 02:49:46 70.66 65.08 94049.00 624.88 94048.00 54.51
2015-09-04 03:49:46 67.73 64.40 94092.00 621.17 94087.00 52.78
2015-09-04 04:49:46 68.22 63.61 94118.00 618.96 94113.00 52.17
2015-09-04 05:49:46 68.22 62.94 94141.00 616.22 94137.00 51.50
2015-09-04 06:49:47 70.17 62.26 94180.00 613.66 94168.00 51.52
2015-09-04 07:49:47 73.10 63.16 94239.00 608.53 94223.00 53.48
2015-09-04 08:49:47 73.59 68.90 94264.00 605.71 94258.00 59.39
2015-09-04 09:49:47 70.66 79.03 94267.00 604.91 94267.00 68.46
2015-09-04 10:49:47 61.38 86.56 94310.00 602.44 94305.00 72.66
2015-09-04 11:49:47 47.71 92.19 94308.00 601.83 94294.00 73.36
2015-09-04 12:49:48 37.46 93.99 94264.00 606.06 94260.00 71.47
2015-09-04 13:49:48 31.11 92.75 94239.00 607.92 94232.00 67.95
2015-09-04 14:49:48 27.69 96.58 94182.00 613.22 94170.00 70.54
2015-09-04 15:25:59 27.20 85.44 94198.00 612.07 94186.00 59.23
2015-09-04 16:25:59 51.62 81.84 94148.00 615.95 94134.00 64.42
2015-09-04 17:25:59 40.88 85.78 94157.00 615.42 94142.00 64.49
2015-09-04 18:25:59 43.32 78.80 94184.00 613.75 94180.00 58.39
2015-09-04 19:25:59 52.11 74.41 94220.00 609.59 94215.00 57.17
2015-09-04 20:26:00 56.01 70.14 94283.00 603.77 94272.00 54.30
2015-09-04 21:26:00 57.96 67.89 94338.00 599.09 94324.00 52.75
2015-09-04 22:26:00 61.87 67.10 94402.00 592.83 94398.00 53.37
2015-09-04 23:26:00 65.29 67.66 94412.00 592.48 94417.00 55.17
2015-09-05 00:26:00 67.24 66.76 94483.00 586.75 94472.00 54.97
2015-09-05 01:26:00 68.71 65.86 94457.00 590.01 94434.00 54.60
2015-09-05 02:26:01 67.73 64.85 94384.00 595.12 94384.00 53.23
2015-09-05 03:26:01 70.17 63.95 94399.00 593.09 94393.00 53.21
2015-09-05 04:26:01 72.12 62.49 94434.00 589.74 94433.00 52.45
2015-09-05 05:26:01 73.59 61.59 94452.00 588.95 94455.00 52.08
2015-09-05 06:26:01 75.05 61.14 94498.00 584.28 94500.00 52.16
2015-09-05 07:26:01 78.47 62.15 94554.00 581.11 94537.00 54.40
2015-09-05 08:26:01 77.50 64.62 94601.00 575.56 94604.00 56.52
2015-09-05 09:26:02 76.03 71.94 94648.00 571.25 94645.00 63.31
2015-09-05 10:26:02 70.66 74.19 94665.00 570.64 94665.00 63.62
2015-09-05 11:26:02 65.78 75.54 94707.00 567.29 94695.00 63.22
2015-09-05 12:26:02 64.31 77.22 94701.00 567.73 94702.00 64.38
2015-09-05 13:26:02 60.41 79.81 94657.00 570.81 94662.00 65.56
2015-09-05 14:26:02 52.59 86.22 94597.00 576.44 94594.00 69.16
2015-09-05 15:26:03 44.78 84.88 94527.00 582.25 94521.00 65.00
2015-09-05 16:26:03 45.76 80.71 94469.00 587.10 94468.00 61.18
2015-09-05 17:26:03 53.08 75.88 94479.00 586.92 94473.00 58.98
2015-09-05 18:26:03 57.48 73.62 94469.00 587.19 94466.00 58.32
2015-09-05 19:26:03 61.87 70.92 94533.00 581.81 94521.00 57.20
2015-09-05 20:26:03 65.78 69.01 94584.00 577.76 94570.00 56.69
2015-09-05 21:26:04 67.24 67.89 94623.00 574.42 94615.00 56.09
2015-09-05 22:26:04 68.22 66.09 94635.00 572.31 94629.00 54.65
2015-09-05 23:26:04 68.22 64.74 94614.00 575.39 94609.00 53.30
2015-09-06 00:26:04 71.15 63.39 94583.00 577.41 94588.00 53.00
2015-09-06 01:26:04 71.64 62.60 94584.00 577.85 94580.00 52.39
2015-09-06 02:26:04 75.05 63.61 94559.00 578.91 94562.00 54.63
2015-09-06 03:26:04 74.57 63.73 94547.00 579.26 94553.00 54.57
2015-09-06 04:26:05 75.54 64.17 94559.00 579.53 94553.00 55.37
2015-09-06 05:26:05 76.03 62.60 94574.00 578.56 94563.00 53.97
2015-09-06 06:26:05 77.50 62.71 94606.00 576.09 94593.00 54.61
2015-09-06 07:26:05 79.45 63.50 94671.00 570.28 94659.00 56.10
2015-09-06 08:26:05 78.96 66.54 94710.00 566.50 94710.00 58.96
2015-09-06 09:26:05 75.05 73.40 94705.00 566.50 94703.00 64.42
2015-09-06 10:26:06 58.94 79.59 94707.00 567.03 94708.00 64.81
2015-09-06 11:26:06 48.20 84.88 94715.00 565.89 94713.00 66.23
2015-09-06 12:26:06 38.92 88.36 94697.00 567.65 94689.00 66.37
2015-09-06 13:26:06 38.92 89.26 94659.00 570.81 94657.00 67.27
2015-09-06 14:26:06 35.02 82.62 94611.00 575.30 94600.00 59.23
2015-09-06 15:26:06 34.04 81.95 94550.00 580.58 94540.00 58.20
2015-09-06 16:26:07 32.57 84.65 94491.00 585.69 94476.00 60.38
2015-09-06 17:26:07 32.09 82.96 94463.00 588.69 94454.00 58.51
2015-09-06 18:26:08 39.41 78.24 94481.00 586.31 94472.00 56.42
2015-09-06 19:26:08 47.71 73.74 94466.00 587.89 94464.00 54.91
2015-09-06 20:26:08 49.66 69.46 94497.00 584.72 94487.00 51.34
2015-09-06 21:26:08 52.59 66.09 94555.00 580.67 94545.00 49.02
2015-09-06 22:26:08 60.41 65.53 94593.00 577.32 94592.00 51.27
2015-09-06 23:26:09 57.96 64.17 94543.00 580.67 94537.00 49.04
2015-09-07 00:26:09 63.34 62.49 94506.00 584.28 94499.00 49.29
2015-09-07 01:26:09 66.27 61.25 94489.00 586.22 94479.00 49.11
2015-09-07 02:26:09 66.27 60.12 94459.00 589.22 94446.00 47.98
2015-09-07 03:26:09 71.15 59.67 94444.00 590.01 94443.00 49.29
2015-09-07 04:26:09 72.12 60.35 94470.00 587.54 94464.00 50.31
2015-09-07 05:26:10 69.68 61.14 94507.00 585.43 94488.00 50.22
2015-09-07 06:26:10 71.64 62.04 94542.00 582.70 94532.00 51.83
2015-09-07 07:26:10 72.61 62.15 94540.00 580.32 94543.00 52.29
2015-09-07 08:26:10 74.08 63.73 94596.00 577.24 94584.00 54.39
2015-09-07 09:26:10 72.61 68.79 94591.00 576.88 94594.00 58.93
2015-09-07 10:26:10 67.73 73.29 94612.00 575.83 94608.00 61.67
2015-09-07 11:26:11 62.36 78.01 94628.00 573.36 94620.00 64.46
2015-09-07 12:26:11 49.66 84.76 94595.00 576.71 94583.00 66.64
2015-09-07 13:26:11 44.29 80.71 94549.00 581.20 94540.00 60.66
2015-09-07 14:26:11 46.73 82.40 94491.00 586.92 94476.00 63.22
2015-09-07 15:26:11 40.39 81.39 94390.00 594.59 94376.00 59.93
2015-09-07 16:26:11 43.32 81.72 94316.00 600.94 94306.00 61.32
2015-09-07 17:26:12 40.88 82.74 94309.00 602.00 94300.00 61.45
2015-09-07 18:26:12 46.25 77.90 94336.00 599.36 94318.00 58.55
2015-09-07 19:26:13 54.55 75.20 94325.00 599.97 94309.00 58.84
2015-09-07 20:26:13 59.43 70.70 94342.00 598.38 94342.00 56.09
2015-09-07 21:26:13 61.38 68.90 94423.00 591.42 94420.00 55.00
2015-09-07 22:26:13 63.82 66.88 94451.00 589.83 94453.00 53.85
2015-09-07 23:26:13 67.24 65.08 94451.00 588.77 94449.00 53.28
2015-09-08 00:26:13 69.20 63.95 94449.00 590.10 94445.00 52.86
2015-09-08 01:26:14 67.73 63.39 94432.00 591.59 94421.00 51.77
2015-09-08 02:26:14 70.66 63.73 94391.00 593.36 94386.00 53.16
2015-09-08 03:26:14 72.61 64.06 94372.00 596.71 94361.00 54.20
2015-09-08 04:26:14 74.57 64.85 94367.00 596.00 94368.00 55.69
2015-09-08 05:26:14 75.05 65.19 94369.00 596.27 94355.00 56.21
2015-09-08 06:26:14 74.57 65.41 94376.00 595.03 94375.00 56.26
2015-09-08 07:26:15 73.59 64.51 94406.00 592.12 94402.00 55.00
2015-09-08 08:26:15 77.50 66.54 94429.00 591.42 94417.00 58.44
2015-09-08 09:26:15 77.01 73.96 94400.00 593.36 94391.00 65.68
2015-09-08 10:26:15 68.22 80.71 94429.00 591.42 94414.00 69.27
2015-09-08 11:26:15 52.59 83.75 94394.00 593.89 94401.00 66.68
2015-09-08 12:26:15 51.13 80.04 94383.00 595.21 94383.00 62.44
2015-09-08 13:26:16 53.08 81.16 94325.00 599.71 94330.00 64.27
2015-09-08 14:26:16 54.06 80.94 94298.00 602.97 94280.00 64.40
2015-09-08 15:26:16 49.18 84.42 94212.00 610.74 94203.00 66.13
2015-09-08 16:26:16 46.73 81.84 94120.00 618.07 94115.00 62.66
2015-09-08 17:26:16 39.41 83.41 94098.00 621.26 94082.00 61.60
2015-09-08 18:26:16 45.27 78.91 94095.00 619.93 94096.00 59.21
2015-09-08 19:26:17 54.55 75.31 94111.00 619.31 94105.00 58.95
2015-09-08 20:26:17 60.41 72.39 94132.00 617.37 94127.00 58.13
2015-09-08 21:26:17 66.27 70.81 94194.00 611.71 94199.00 58.67
2015-09-08 22:26:17 67.73 69.46 94202.00 611.45 94195.00 57.84
2015-09-08 23:26:17 69.68 68.90 94188.00 611.98 94183.00 57.99
2015-09-09 00:26:17 72.12 68.90 94219.00 609.95 94213.00 58.87
2015-09-09 01:26:17 75.54 69.46 94183.00 613.30 94164.00 60.66
2015-09-09 02:26:18 76.03 69.24 94136.00 616.13 94139.00 60.61
2015-09-09 03:26:18 76.52 68.90 94117.00 618.25 94109.00 60.45
2015-09-09 04:26:18 76.52 67.55 94059.00 624.35 94053.00 59.10
2015-09-09 05:26:18 77.50 67.21 94060.00 622.94 94066.00 59.11
2015-09-09 06:26:18 77.98 67.78 94068.00 622.32 94068.00 59.85
2015-09-09 07:26:18 78.47 67.44 94101.00 619.75 94107.00 59.69
2015-09-09 08:26:19 80.43 67.55 94162.00 614.28 94163.00 60.50
2015-09-09 09:26:19 81.89 70.70 94167.00 615.07 94154.00 64.18
2015-09-09 10:26:19 78.47 74.64 94151.00 614.81 94148.00 66.89
2015-09-09 11:26:19 70.17 77.22 94133.00 617.01 94130.00 66.49
2015-09-09 12:26:19 71.15 76.10 94080.00 621.52 94085.00 65.71
2015-09-09 13:26:19 70.17 74.08 94012.00 628.69 94002.00 63.34
2015-09-09 14:26:20 72.61 73.62 93983.00 630.19 93969.00 63.77
2015-09-09 15:26:20 71.64 76.89 93903.00 637.80 93900.00 66.68
2015-09-09 16:26:20 64.31 80.94 93845.00 643.65 93844.00 68.09
2015-09-09 17:26:20 59.92 77.11 93783.00 649.05 93778.00 62.68
2015-09-09 18:26:20 66.27 75.88 93788.00 649.05 93768.00 63.73
2015-09-09 19:26:20 69.68 72.84 93772.00 649.05 93764.00 61.92
2015-09-09 20:26:20 72.61 69.91 93795.00 647.55 93788.00 60.05
2015-09-09 21:26:21 74.08 69.46 93860.00 641.43 93857.00 60.13
2015-09-09 22:26:21 75.05 69.01 93827.00 644.45 93821.00 60.03
2015-09-09 23:26:21 77.50 69.24 93860.00 641.35 93854.00 61.14
2015-09-10 00:26:21 77.50 68.79 93841.00 642.41 93837.00 60.69
2015-09-10 01:26:21 79.45 68.34 93754.00 650.47 93756.00 60.94
2015-09-10 02:26:21 78.96 67.66 93717.00 654.37 93707.00 60.09
2015-09-10 03:26:21 79.94 68.22 93744.00 652.33 93725.00 61.00
2015-09-10 04:26:22 79.94 68.11 93758.00 650.21 93758.00 60.89
2015-09-10 05:26:22 80.43 68.22 93744.00 651.18 93734.00 61.18
2015-09-10 06:26:22 80.43 68.11 93731.00 651.98 93723.00 61.06
2015-09-10 07:26:22 80.43 67.66 93784.00 648.61 93766.00 60.61
2015-09-10 08:26:22 81.89 69.24 93795.00 646.57 93793.00 62.72
2015-09-10 09:26:22 77.98 74.19 93799.00 646.66 93803.00 66.26
2015-09-10 10:26:23 72.12 74.08 93814.00 645.33 93814.00 64.04
2015-09-10 11:26:23 75.54 75.54 93822.00 645.60 93809.00 66.73
2015-09-10 12:26:23 70.17 78.80 93793.00 647.37 93786.00 68.06
2015-09-10 13:26:23 54.06 86.56 93705.00 655.00 93695.00 70.02
2015-09-10 14:26:23 49.66 84.76 93639.00 661.21 93632.00 66.64
2015-09-10 15:26:23 47.22 83.08 93551.00 669.82 93536.00 64.08
2015-09-10 16:26:24 45.27 84.31 93514.00 672.57 93497.00 64.61
2015-09-10 17:26:24 51.13 76.44 93514.00 671.95 93508.00 58.84
2015-09-10 18:26:24 56.01 75.88 93598.00 665.38 93588.00 60.04
2015-09-10 19:26:24 59.43 73.74 93623.00 662.27 93628.00 59.13
2015-09-10 20:26:24 64.31 70.47 93618.00 662.72 93608.00 57.63
2015-09-10 21:26:24 69.68 69.24 93647.00 659.61 93644.00 58.32
2015-09-10 22:26:24 71.15 68.56 93709.00 654.46 93713.00 58.18
2015-09-10 23:26:25 71.64 67.55 93696.00 655.44 93695.00 57.34
2015-09-11 00:26:25 74.08 65.41 93697.00 656.50 93685.00 56.08
2015-09-11 01:26:25 75.05 64.40 93646.00 661.03 93636.00 55.42
2015-09-11 02:26:25 77.98 64.40 93595.00 665.02 93594.00 56.47
2015-09-11 03:26:25 78.96 65.19 93589.00 665.91 93576.00 57.61
2015-09-11 04:26:25 77.98 63.39 93614.00 662.72 93610.00 55.46
2015-09-11 05:26:26 77.98 62.04 93634.00 661.38 93621.00 54.11
2015-09-11 06:26:26 82.87 62.94 93657.00 658.72 93667.00 56.77
2015-09-11 07:26:26 82.38 63.73 93687.00 656.59 93678.00 57.38
2015-09-11 08:26:26 83.84 66.09 93758.00 650.30 93752.00 60.27
2015-09-11 09:26:26 81.89 68.45 93783.00 648.79 93781.00 61.93
2015-09-11 10:26:26 75.54 71.83 93811.00 645.78 93808.00 63.02
2015-09-11 11:26:27 69.20 73.17 93840.00 643.83 93827.00 62.09
2015-09-11 12:26:27 63.34 79.03 93801.00 646.04 93796.00 65.83
2015-09-11 13:26:27 50.15 81.16 93746.00 651.80 93737.00 63.22
2015-09-11 14:26:27 40.39 85.10 93695.00 657.48 93684.00 63.64
2015-09-11 15:26:27 36.48 90.05 93628.00 663.34 93613.00 67.18
2015-09-11 16:26:27 37.95 82.40 93579.00 667.07 93573.00 60.06
2015-09-11 17:26:27 44.29 80.15 93562.00 668.13 93556.00 60.10
2015-09-11 18:26:28 50.15 74.30 93588.00 666.89 93576.00 56.35
2015-09-11 19:26:28 61.87 69.80 93624.00 662.80 93605.00 56.07
2015-09-11 20:08:45 66.27 68.34 93640.00 661.12 93635.00 56.19
2015-09-11 21:08:45 68.22 66.54 93646.00 661.03 93640.00 55.10
2015-09-11 22:08:45 68.22 64.62 93618.00 663.34 93597.00 53.18
2015-09-11 23:08:46 70.66 63.50 93633.00 661.65 93620.00 52.94
2015-09-12 00:08:46 75.05 63.16 93611.00 664.76 93598.00 54.18
2015-09-12 01:08:46 73.10 63.05 93543.00 668.75 93541.00 53.37
2015-09-12 02:08:46 76.52 62.83 93491.00 674.08 93490.00 54.37
2015-09-12 03:08:46 76.52 62.83 93466.00 675.59 93469.00 54.37
2015-09-12 04:08:46 76.52 62.94 93441.00 679.77 93428.00 54.48
2015-09-12 05:08:47 76.03 63.27 93432.00 679.77 93434.00 54.65
2015-09-12 06:08:47 77.50 63.16 93381.00 684.22 93368.00 55.06
2015-09-12 07:08:47 79.94 62.94 93400.00 682.80 93390.00 55.71
2015-09-12 08:08:47 79.94 63.39 93431.00 678.79 93430.00 56.16
2015-09-12 09:08:47 80.43 64.96 93450.00 677.28 93454.00 57.91
2015-09-12 10:08:47 78.47 65.64 93482.00 675.24 93470.00 57.89
2015-09-12 11:08:47 73.59 65.19 93519.00 672.57 93506.00 55.68
2015-09-12 12:08:48 68.22 66.99 93494.00 672.66 93490.00 55.55
2015-09-12 13:08:48 62.36 68.56 93455.00 677.46 93447.00 55.01
2015-09-12 14:08:48 60.89 71.49 93397.00 682.80 93384.00 57.41
2015-09-12 15:08:48 54.55 73.29 93331.00 688.76 93329.00 56.92
2015-09-12 16:08:48 53.08 69.69 93329.00 687.51 93332.00 52.80
2015-09-12 17:08:48 54.55 68.56 93347.00 687.07 93349.00 52.20
2015-09-12 18:08:49 56.50 66.42 93359.00 686.18 93350.00 50.77
2015-09-12 19:08:49 54.55 64.96 93345.00 687.33 93335.00 48.60
2015-09-12 20:08:49 59.92 61.36 93378.00 683.69 93379.00 46.93
2015-09-12 21:08:49 66.27 57.54 93444.00 678.08 93438.00 45.39
2015-09-12 22:08:49 70.66 57.76 93528.00 671.60 93526.00 47.20
2015-09-12 23:08:49 68.71 56.75 93589.00 665.82 93585.00 45.48
2015-09-13 00:08:50 71.15 55.06 93602.00 664.76 93597.00 44.68
2015-09-13 01:08:50 73.10 54.05 93580.00 665.02 93586.00 44.37
2015-09-13 02:08:50 75.54 53.49 93584.00 666.09 93576.00 44.68
2015-09-13 03:08:50 77.01 53.60 93573.00 666.44 93576.00 45.32
2015-09-13 04:08:50 76.52 52.25 93598.00 665.02 93593.00 43.80
2015-09-13 05:08:50 77.98 51.46 93597.00 664.85 93587.00 43.54
2015-09-13 06:08:51 78.47 51.24 93625.00 662.63 93629.00 43.49
2015-09-13 07:08:51 78.96 51.58 93663.00 658.19 93665.00 44.00
2015-09-13 08:08:51 77.98 52.59 93765.00 651.54 93752.00 44.66
2015-09-13 09:08:51 73.59 57.42 93790.00 648.35 93783.00 47.92
2015-09-13 10:08:51 62.85 64.06 93892.00 638.60 93887.00 50.69
2015-09-13 11:08:51 53.57 66.54 93944.00 633.82 93943.00 49.82
2015-09-13 12:08:51 45.76 69.91 93993.00 629.31 93997.00 50.38
2015-09-13 13:08:52 40.88 71.94 94004.00 629.39 93999.00 50.65
2015-09-13 14:08:52 35.02 74.30 94030.00 626.74 94023.00 50.91
2015-09-13 15:08:52 33.06 76.33 94036.00 625.68 94036.00 52.23
2015-09-13 16:08:52 28.18 72.72 94040.00 625.59 94038.00 46.87
2015-09-13 17:08:52 28.18 67.66 94079.00 621.52 94065.00 41.81
2015-09-13 18:08:52 31.60 62.94 94084.00 621.17 94081.00 38.31
2015-09-13 19:08:53 40.88 60.35 94136.00 615.78 94142.00 39.06
2015-09-13 20:08:53 49.18 54.95 94189.00 612.07 94184.00 36.65
2015-09-13 21:08:53 59.43 51.69 94239.00 608.09 94241.00 37.08
2015-09-13 22:08:53 60.41 49.44 94258.00 605.80 94254.00 35.18
2015-09-13 23:08:53 65.78 48.31 94331.00 598.56 94337.00 35.99
2015-09-14 00:08:53 65.29 46.74 94407.00 593.45 94394.00 34.24
2015-09-14 01:08:53 69.68 45.50 94435.00 590.89 94433.00 34.59
2015-09-14 02:08:54 66.75 44.38 94444.00 590.71 94429.00 32.41
2015-09-14 03:08:54 71.64 43.25 94456.00 588.69 94456.00 33.04
2015-09-14 04:08:54 72.12 42.12 94471.00 588.07 94461.00 32.09
2015-09-14 05:08:54 70.66 41.45 94477.00 586.92 94471.00 30.89
2015-09-14 06:08:54 69.68 40.44 94540.00 581.55 94541.00 29.52
2015-09-14 07:08:54 68.71 39.65 94602.00 574.95 94607.00 28.38
2015-09-14 08:08:55 74.08 41.67 94695.00 568.44 94685.00 32.34
2015-09-14 09:08:55 76.03 52.92 94765.00 561.23 94770.00 44.30
2015-09-14 10:08:55 69.68 65.19 94856.00 554.29 94849.00 54.27
2015-09-14 11:08:55 53.57 73.06 94899.00 549.28 94899.00 56.35
2015-09-14 12:08:55 35.50 75.99 94920.00 547.53 94916.00 52.77
2015-09-14 13:08:55 29.64 80.26 94885.00 550.16 94881.00 54.93
2015-09-14 14:08:56 27.69 81.28 94852.00 554.46 94843.00 55.24
2015-09-14 15:08:56 23.79 84.88 94789.00 559.73 94781.00 57.44
2015-09-14 16:08:56 17.93 81.95 94719.00 565.36 94708.00 52.40
2015-09-14 17:08:56 15.97 80.71 94724.00 564.83 94715.00 50.46
2015-09-14 18:08:56 28.67 71.83 94744.00 563.25 94737.00 46.15
2015-09-14 19:08:56 40.88 66.42 94754.00 563.07 94743.00 45.14
2015-09-14 20:08:57 51.62 61.25 94781.00 561.05 94771.00 43.83
2015-09-14 21:08:57 55.04 58.55 94832.00 556.31 94828.00 42.36
2015-09-14 22:08:57 54.06 55.06 94864.00 552.53 94857.00 38.52
2015-09-14 23:08:57 57.48 52.81 94922.00 548.49 94915.00 37.50
2015-09-15 00:08:57 58.94 51.01 94945.00 545.24 94949.00 36.23
2015-09-15 01:08:57 61.38 49.77 94962.00 543.66 94958.00 35.87
2015-09-15 02:08:58 65.78 48.65 94956.00 544.80 94956.00 36.33
2015-09-15 03:08:58 66.75 47.41 94976.00 542.52 94973.00 35.44
2015-09-15 04:08:58 63.82 46.06 94970.00 542.79 94970.00 33.04
2015-09-15 05:08:58 64.80 45.16 94970.00 543.31 94966.00 32.49
2015-09-15 06:08:58 66.27 44.26 95014.00 540.33 94998.00 32.12
2015-09-15 07:08:58 69.68 43.48 95060.00 535.77 95047.00 32.56
2015-09-15 08:08:58 69.20 45.84 95102.00 531.83 95099.00 34.75
2015-09-15 09:08:59 74.08 51.12 95178.00 525.08 95183.00 41.79
2015-09-15 10:08:59 73.10 66.99 95218.00 523.33 95189.00 57.30
2015-09-15 11:08:59 51.62 75.31 95213.00 522.28 95204.00 57.89
2015-09-15 12:08:59 39.90 82.29 95216.00 523.24 95193.00 60.65
2015-09-15 13:08:59 29.64 84.09 95190.00 523.77 95181.00 58.76
2015-09-15 14:08:59 20.86 84.65 95168.00 526.48 95161.00 56.16
2015-09-15 15:09:00 21.34 87.24 95125.00 530.60 95109.00 58.92
2015-09-15 16:09:00 15.48 83.86 95059.00 534.72 95065.00 53.44
2015-09-15 17:09:00 19.88 79.03 95070.00 534.81 95062.00 50.18
2015-09-15 18:09:00 25.25 72.61 95067.00 535.33 95061.00 45.70
2015-09-15 19:09:00 35.99 66.88 95059.00 535.95 95052.00 43.83
2015-09-15 20:09:00 45.27 60.91 95083.00 534.19 95068.00 41.21
2015-09-15 21:09:01 50.64 57.65 95093.00 531.74 95090.00 39.88
2015-09-15 22:09:01 52.11 54.84 95105.00 530.69 95100.00 37.59
2015-09-15 23:09:01 55.04 52.81 95138.00 528.67 95135.00 36.62
2015-09-16 00:09:01 56.99 51.46 95146.00 527.44 95149.00 35.98
2015-09-16 01:09:01 60.89 49.89 95103.00 531.47 95107.00 35.81
2015-09-16 02:09:01 60.89 48.99 95087.00 533.32 95080.00 34.91
2015-09-16 03:09:02 60.89 48.09 95104.00 532.18 95094.00 34.01
2015-09-16 04:09:02 63.34 47.52 95059.00 535.68 95056.00 34.33
2015-09-16 05:09:02 62.85 46.96 95055.00 535.95 95051.00 33.59
2015-09-16 06:09:02 63.82 45.95 95081.00 534.10 95074.00 32.93
2015-09-16 07:09:02 65.78 45.73 95118.00 531.21 95111.00 33.40
2015-09-16 08:09:02 68.71 48.31 95183.00 524.29 95182.00 37.05
2015-09-16 09:09:02 71.15 56.75 95212.00 523.15 95201.00 46.36
2015-09-16 10:09:03 66.27 65.30 95228.00 521.31 95224.00 53.16
2015-09-16 11:09:03 52.59 74.75 95227.00 520.70 95219.00 57.68
2015-09-16 12:09:03 42.83 73.74 95198.00 524.12 95189.00 53.15
2015-09-16 13:09:03 32.57 82.96 95149.00 527.44 95143.00 58.69
2015-09-16 14:09:03 32.57 78.58 95069.00 534.98 95078.00 54.30
2015-09-16 15:09:03 28.67 77.34 95019.00 539.80 95002.00 51.66
2015-09-16 16:09:04 32.57 77.22 94962.00 544.19 94957.00 52.95
2015-09-16 17:09:04 36.97 73.62 94934.00 547.53 94922.00 50.93
2015-09-16 18:09:04 36.48 70.92 94913.00 548.40 94907.00 48.06
2015-09-16 19:09:04 44.78 64.96 94877.00 552.00 94876.00 45.08
2015-09-16 20:09:04 49.18 60.46 94865.00 553.41 94856.00 42.16
2015-09-16 21:09:04 56.01 57.54 94860.00 551.91 94870.00 41.70
2015-09-16 22:09:05 57.96 55.29 94871.00 551.12 94875.00 40.15
2015-09-16 23:09:05 61.87 53.60 94882.00 551.48 94882.00 39.87
2015-09-17 00:09:05 70.17 53.04 94862.00 553.06 94858.00 42.30
2015-09-17 01:09:05 66.27 51.69 94828.00 557.18 94819.00 39.54
2015-09-17 02:09:05 64.80 51.01 94767.00 561.75 94759.00 38.34
2015-09-17 03:09:05 67.24 49.77 94740.00 563.25 94736.00 37.98
2015-09-17 04:09:05 67.73 49.10 94707.00 566.85 94702.00 37.48
2015-09-17 05:09:06 66.27 48.31 94680.00 568.52 94695.00 36.17
2015-09-17 06:09:06 69.68 47.86 94700.00 567.12 94689.00 36.95
2015-09-17 07:09:06 68.22 46.96 94714.00 566.15 94711.00 35.52
2015-09-17 08:09:06 69.68 48.76 94722.00 564.48 94719.00 37.85
2015-09-17 09:09:06 76.52 60.01 94747.00 563.60 94743.00 51.56
2015-09-17 10:09:06 67.73 70.47 94750.00 562.99 94741.00 58.86
2015-09-17 11:09:07 50.64 79.81 94706.00 567.03 94696.00 62.04
2015-09-17 12:09:07 38.43 83.08 94672.00 569.76 94663.00 60.91
2015-09-17 13:09:07 29.64 86.45 94610.00 575.48 94600.00 61.12
2015-09-17 14:09:07 29.64 90.61 94540.00 581.20 94537.00 65.28
2015-09-17 15:09:07 23.79 88.14 94457.00 589.66 94449.00 60.70
2015-09-17 16:09:07 24.27 86.45 94375.00 596.80 94370.00 59.19
2015-09-17 17:09:08 24.76 81.28 94336.00 599.09 94327.00 54.19
2015-09-17 18:09:08 30.13 75.65 94355.00 598.21 94341.00 50.50
2015-09-17 19:09:08 39.41 70.70 94343.00 599.09 94337.00 48.89
2015-09-17 20:09:08 45.76 64.96 94337.00 599.44 94341.00 45.43
2015-09-17 21:09:08 57.48 61.25 94356.00 597.33 94347.00 45.94
2015-09-17 22:09:08 55.04 58.55 94385.00 596.09 94375.00 42.36
2015-09-17 23:09:08 60.41 56.19 94369.00 596.36 94373.00 41.93
2015-09-18 00:09:09 60.89 54.73 94359.00 596.89 94353.00 40.65
2015-09-18 01:09:09 62.36 53.15 94288.00 603.15 94290.00 39.60
2015-09-18 02:09:09 62.36 52.02 94257.00 605.71 94265.00 38.47
2015-09-18 03:09:09 65.29 51.01 94209.00 609.86 94208.00 38.52
2015-09-18 04:09:09 66.27 50.11 94169.00 613.83 94162.00 37.97
2015-09-18 05:09:09 67.73 49.10 94160.00 614.36 94159.00 37.48
2015-09-18 06:09:10 68.22 48.31 94205.00 611.10 94195.00 36.87
2015-09-18 07:09:10 68.22 47.98 94224.00 609.68 94216.00 36.53
2015-09-18 08:09:10 71.15 49.55 94286.00 605.09 94266.00 39.16
2015-09-18 09:09:10 76.52 61.92 94294.00 603.33 94290.00 53.47
2015-09-18 10:09:10 66.75 72.61 94304.00 602.44 94298.00 60.64
2015-09-18 11:09:10 52.59 81.39 94296.00 603.68 94290.00 64.32
2015-09-18 12:09:11 38.92 85.33 94262.00 606.68 94250.00 63.34
2015-09-18 13:09:11 32.09 88.36 94203.00 610.83 94197.00 63.91
2015-09-18 14:09:11 25.25 87.91 94123.00 618.34 94122.00 61.00
2015-09-18 15:09:11 24.27 91.17 94024.00 627.27 94012.00 63.91
2015-09-18 16:09:11 21.83 88.59 93959.00 632.40 93965.00 60.45
2015-09-18 17:09:11 23.79 84.31 93953.00 633.46 93947.00 56.87
2015-09-18 18:09:11 26.71 78.12 93942.00 633.91 93933.00 51.74
2015-09-18 19:09:12 35.50 71.38 93985.00 630.19 93982.00 48.16
2015-09-18 20:09:12 45.76 66.31 94030.00 626.21 94020.00 46.78
2015-09-18 21:09:12 48.69 62.71 94065.00 623.64 94050.00 44.24
2015-09-18 22:09:12 56.50 60.12 94079.00 621.61 94072.00 44.47
2015-09-18 23:09:12 59.92 58.10 94059.00 623.82 94048.00 43.67
2015-09-19 00:09:12 62.36 57.09 94072.00 622.32 94062.00 43.54
2015-09-19 01:09:13 68.71 56.08 94065.00 623.11 94059.00 44.81
2015-09-19 02:09:13 63.82 54.73 94023.00 627.36 94019.00 41.70
2015-09-19 03:09:13 65.29 53.38 94003.00 628.95 93996.00 40.88
2015-09-19 04:09:13 69.68 52.59 93983.00 630.81 93978.00 41.67
2015-09-19 05:09:13 66.75 52.02 93974.00 631.69 93969.00 40.06
2015-09-19 06:09:13 68.71 50.79 93973.00 632.14 93966.00 39.52
2015-09-19 07:09:13 70.66 50.56 94018.00 628.42 94006.00 40.00
2015-09-19 08:09:14 79.45 53.15 94051.00 624.71 94046.00 45.75
2015-09-19 09:09:14 77.01 63.27 94100.00 619.58 94105.00 55.00
2015-09-19 10:09:14 67.73 74.75 94090.00 620.37 94081.00 63.13
2015-09-19 11:09:14 51.13 83.75 94095.00 620.46 94079.00 66.16
2015-09-19 12:09:14 37.46 87.80 94082.00 622.05 94072.00 65.28
2015-09-19 13:09:14 26.71 89.71 94022.00 627.62 94012.00 63.33
2015-09-19 14:09:15 23.79 90.05 93961.00 633.11 93952.00 62.61
2015-09-19 15:09:15 21.34 91.17 93889.00 638.51 93881.00 62.86
2015-09-19 16:09:15 22.81 85.10 93860.00 641.79 93857.00 57.31
2015-09-19 17:09:15 25.25 84.31 93847.00 642.85 93833.00 57.40
2015-09-19 18:09:15 33.55 79.03 93861.00 641.61 93858.00 55.10
2015-09-19 19:09:15 40.88 74.64 93888.00 639.84 93879.00 53.35
2015-09-19 20:09:16 47.71 69.46 93900.00 637.36 93900.00 50.64
2015-09-19 21:09:16 51.13 66.76 93937.00 634.97 93924.00 49.17
2015-09-19 22:09:16 55.52 63.84 93964.00 632.84 93954.00 47.83
2015-09-19 23:09:16 60.41 61.25 93978.00 631.87 93968.00 47.00
2015-09-20 00:09:16 66.27 59.56 93962.00 632.67 93953.00 47.42
2015-09-20 01:09:16 67.24 58.44 93941.00 634.35 93936.00 46.64
2015-09-20 02:09:17 67.24 57.20 93913.00 637.54 93908.00 45.41
2015-09-20 03:09:17 68.71 56.41 93922.00 635.94 93912.00 45.15
2015-09-20 04:09:17 72.12 55.62 93913.00 637.36 93907.00 45.59
2015-09-20 05:09:17 71.64 56.08 93930.00 634.26 93935.00 45.86
2015-09-20 06:09:17 70.17 55.62 93958.00 632.05 93954.00 44.89
2015-09-20 07:09:17 74.08 55.06 94027.00 626.39 94024.00 45.73
2015-09-20 08:09:18 75.05 56.86 94085.00 621.88 94076.00 47.88
2015-09-20 09:09:18 75.05 66.09 94101.00 619.93 94096.00 57.11
2015-09-20 10:09:18 67.73 70.70 94135.00 617.19 94137.00 59.08
2015-09-20 11:09:18 58.45 74.97 94143.00 615.69 94151.00 60.02
2015-09-20 12:09:18 43.80 85.66 94126.00 619.49 94112.00 65.43
2015-09-20 13:09:18 36.48 92.30 94062.00 623.38 94057.00 69.43
2015-09-20 14:09:19 28.18 88.70 93994.00 629.57 93995.00 62.84
2015-09-20 15:09:19 27.69 90.61 93904.00 636.65 93912.00 64.58
2015-09-20 16:09:19 30.62 89.38 93878.00 639.75 93869.00 64.40
2015-09-20 17:09:19 30.13 83.53 93878.00 639.93 93874.00 58.37
2015-09-20 18:09:19 41.36 78.35 93880.00 639.40 93877.00 57.24
2015-09-20 19:09:19 52.59 71.94 93948.00 634.35 93942.00 54.87
2015-09-20 20:09:19 62.36 70.03 93954.00 633.11 93948.00 56.47
2015-09-20 21:09:20 67.24 68.45 94000.00 629.57 94000.00 56.66
2015-09-20 22:09:20 67.24 67.89 94017.00 628.77 94005.00 56.09
2015-09-20 23:09:20 69.20 65.75 94013.00 628.69 94000.00 54.66
2015-09-21 00:09:20 71.15 65.30 94001.00 628.51 93997.00 54.91
2015-09-21 01:09:20 73.59 64.85 93997.00 629.31 93999.00 55.34
2015-09-21 02:09:20 73.10 63.84 93955.00 632.84 93954.00 54.15
2015-09-21 03:09:21 75.54 62.49 93937.00 634.00 93924.00 53.68
2015-09-21 04:09:21 77.50 63.27 93925.00 635.94 93913.00 55.17
2015-09-21 05:09:21 77.98 64.62 93954.00 633.73 93959.00 56.70
2015-09-21 06:09:21 78.96 65.53 93941.00 633.64 93952.00 57.95
2015-09-21 07:09:21 77.98 66.09 93992.00 630.19 93987.00 58.16
2015-09-21 08:09:21 77.50 65.86 94040.00 625.68 94041.00 57.76
2015-09-21 09:09:21 76.52 65.97 94074.00 622.05 94075.00 57.52
2015-09-21 10:09:22 77.01 65.75 94142.00 617.37 94124.00 57.47
2015-09-21 11:09:22 75.05 67.78 94169.00 614.54 94168.00 58.79
2015-09-21 12:09:22 72.12 68.11 94176.00 614.10 94161.00 58.08
2015-09-21 13:09:22 70.17 71.83 94137.00 617.63 94141.00 61.09
2015-09-21 14:09:22 63.82 74.41 94081.00 621.52 94068.00 61.39
2015-09-21 15:09:22 58.45 73.51 94047.00 624.71 94037.00 58.55
2015-09-21 16:09:23 63.34 74.64 94048.00 624.88 94045.00 61.44
2015-09-21 17:09:23 57.96 75.09 94088.00 620.37 94071.00 59.95
2015-09-21 18:09:23 64.31 69.35 94105.00 619.05 94110.00 56.50
2015-09-21 19:09:23 67.73 67.55 94148.00 616.93 94140.00 55.93
2015-09-21 20:09:23 71.64 65.86 94147.00 616.48 94137.00 55.65
2015-09-21 21:09:23 72.61 65.30 94215.00 609.42 94214.00 55.44
2015-09-21 22:09:23 74.08 65.19 94242.00 608.00 94240.00 55.85
2015-09-21 23:09:24 75.05 64.51 94286.00 604.21 94283.00 55.53
2015-09-22 00:09:24 75.05 63.27 94305.00 602.36 94302.00 54.29
2015-09-22 01:09:24 78.47 63.84 94278.00 603.94 94275.00 56.09
2015-09-22 02:09:24 77.50 63.61 94278.00 605.27 94269.00 55.51
2015-09-22 03:09:24 78.96 63.73 94281.00 604.47 94271.00 56.15
2015-09-22 04:09:24 77.50 63.50 94274.00 605.09 94278.00 55.40
2015-09-22 05:09:25 77.98 63.50 94303.00 602.27 94300.00 55.57
2015-09-22 06:09:25 78.47 63.50 94308.00 600.86 94305.00 55.75
2015-09-22 07:09:25 78.96 63.05 94370.00 595.56 94370.00 55.48
2015-09-22 08:09:25 79.45 64.51 94437.00 590.18 94441.00 57.11
2015-09-22 09:09:25 78.47 65.86 94483.00 585.78 94481.00 58.11
2015-09-22 10:09:25 74.08 68.11 94550.00 580.49 94543.00 58.78
2015-09-22 11:09:26 69.20 72.72 94571.00 579.35 94544.00 61.64
2015-09-22 12:09:26 59.92 72.84 94518.00 582.87 94515.00 58.41
2015-09-22 13:09:26 59.92 72.28 94505.00 583.84 94502.00 57.85
2015-09-22 14:09:26 56.50 81.84 94458.00 588.51 94456.00 66.18
2015-09-22 15:09:26 47.71 85.21 94406.00 593.45 94394.00 66.39
2015-09-22 16:09:26 40.88 76.33 94393.00 595.03 94383.00 55.04
2015-09-22 17:09:27 47.71 76.10 94402.00 594.42 94389.00 57.28
2015-09-22 18:09:27 54.06 71.83 94444.00 589.30 94449.00 55.29
2015-09-22 19:09:27 59.43 67.89 94452.00 589.13 94444.00 53.28
2015-09-22 20:09:27 63.82 65.86 94500.00 585.25 94487.00 52.84
2015-09-22 21:09:27 66.27 64.29 94543.00 581.20 94538.00 52.14
2015-09-22 22:09:27 67.73 63.05 94545.00 580.76 94533.00 51.43
2015-09-22 23:09:27 70.17 61.14 94551.00 580.32 94543.00 50.40
2015-09-23 00:09:28 73.10 59.90 94567.00 579.35 94559.00 50.22
2015-09-23 01:09:28 75.05 59.34 94593.00 576.80 94595.00 50.36
2015-09-23 02:09:28 76.03 61.59 94565.00 578.38 94562.00 52.96
2015-09-23 03:09:28 77.01 61.59 94548.00 580.58 94543.00 53.31
2015-09-23 04:09:28 77.50 61.59 94532.00 582.70 94528.00 53.49
2015-09-23 05:09:28 77.98 62.15 94526.00 582.70 94528.00 54.22
2015-09-23 06:09:29 76.03 60.46 94560.00 579.97 94557.00 51.83
2015-09-23 07:09:29 76.52 57.20 94612.00 575.39 94614.00 48.75
2015-09-23 08:09:29 79.45 56.64 94672.00 569.67 94670.00 49.24
2015-09-23 09:09:29 77.98 64.17 94689.00 568.26 94672.00 56.25
2015-09-23 10:09:29 66.27 71.26 94693.00 567.65 94683.00 59.12
2015-09-23 11:09:29 57.48 70.14 94704.00 567.12 94702.00 54.83
2015-09-23 12:09:30 53.57 76.78 94673.00 569.23 94664.00 60.06
2015-09-23 13:09:30 49.18 76.55 94638.00 572.84 94631.00 58.25
2015-09-23 14:09:30 44.78 82.85 94563.00 580.67 94554.00 62.97
2015-09-23 15:09:30 38.92 81.28 94496.00 586.22 94485.00 59.29
2015-09-23 16:09:30 37.95 81.05 94464.00 587.63 94461.00 58.71
2015-09-23 17:09:30 38.43 76.89 94478.00 587.36 94459.00 54.72
2015-09-23 18:09:31 46.73 72.28 94470.00 587.98 94468.00 53.10
2015-09-23 19:09:31 54.06 69.01 94456.00 588.69 94459.00 52.47
2015-09-23 20:09:31 57.48 64.74 94478.00 587.28 94465.00 49.43
2015-09-23 21:09:31 64.31 62.04 94530.00 582.52 94527.00 49.19
2015-09-23 22:09:31 66.75 59.45 94534.00 581.81 94530.00 47.48
2015-09-23 23:09:31 69.68 60.01 94564.00 578.56 94560.00 49.10
2015-09-24 00:09:31 71.64 58.66 94569.00 579.53 94562.00 48.45
2015-09-24 01:09:32 71.15 57.88 94565.00 578.91 94565.00 47.49
2015-09-24 02:09:32 74.57 57.09 94566.00 578.12 94565.00 47.93
2015-09-24 03:09:32 74.08 56.86 94534.00 581.20 94532.00 47.53
2015-09-24 04:09:32 76.52 56.64 94518.00 583.66 94512.00 48.18
2015-09-24 05:09:32 76.03 55.51 94509.00 584.02 94518.00 46.88
2015-09-24 06:09:32 76.03 54.61 94550.00 580.58 94537.00 45.98
2015-09-24 07:09:33 77.50 54.84 94534.00 581.81 94533.00 46.74
2015-09-24 08:09:33 78.96 56.19 94598.00 576.62 94589.00 48.61
2015-09-24 09:09:33 70.66 63.27 94630.00 574.42 94609.00 52.71
2015-09-24 10:09:33 54.06 65.08 94680.00 568.44 94677.00 48.54
2015-09-24 11:09:33 41.36 69.58 94661.00 570.81 94658.00 48.47
2015-09-24 12:09:33 36.97 72.84 94645.00 573.10 94644.00 50.15
2015-09-24 13:09:34 26.23 77.67 94576.00 577.94 94575.00 51.12
2015-09-24 14:09:34 24.76 75.54 94515.00 584.55 94505.00 48.45
2015-09-24 15:09:34 31.60 73.06 94482.00 587.01 94464.00 48.44
2015-09-24 16:09:34 33.55 70.59 94424.00 592.39 94409.00 46.66
2015-09-24 17:09:34 38.43 69.01 94418.00 593.01 94405.00 46.85
2015-09-24 18:09:34 37.46 68.11 94424.00 592.65 94420.00 45.60
2015-09-24 19:09:35 43.32 64.51 94404.00 593.01 94405.00 44.11
2015-09-24 20:09:35 56.99 60.35 94458.00 588.95 94443.00 44.87
2015-09-24 21:09:35 68.71 58.33 94566.00 579.70 94560.00 47.06
2015-09-24 22:09:35 75.54 58.10 94537.00 581.20 94527.00 49.30
2015-09-24 23:09:35 75.54 57.99 94542.00 581.64 94537.00 49.18
2015-09-25 00:09:35 76.03 58.21 94502.00 584.10 94496.00 49.58
2015-09-25 01:09:36 78.47 57.31 94450.00 589.48 94454.00 49.56
2015-09-25 02:09:36 78.96 56.86 94437.00 591.51 94435.00 49.29
2015-09-25 03:09:36 79.94 56.64 94356.00 596.89 94360.00 49.41
2015-09-25 04:09:36 81.40 56.86 94282.00 604.65 94275.00 50.17
2015-09-25 05:09:36 80.91 56.64 94235.00 607.30 94232.00 49.77
2015-09-25 06:09:36 82.87 56.08 94252.00 605.80 94253.00 49.91
2015-09-25 07:09:37 83.36 56.86 94249.00 606.59 94245.00 50.87
2015-09-25 08:09:37 83.84 58.21 94256.00 605.62 94263.00 52.40
2015-09-25 09:09:37 82.87 57.76 94263.00 606.68 94251.00 51.59
2015-09-25 10:09:37 83.84 59.23 94255.00 607.12 94239.00 53.41
2015-09-25 11:09:37 83.36 61.25 94196.00 611.80 94191.00 55.26
2015-09-25 12:09:37 81.89 60.80 94207.00 610.39 94197.00 54.28
2015-09-25 13:09:37 83.36 63.50 94192.00 612.69 94180.00 57.51
2015-09-25 14:09:38 80.91 64.85 94143.00 616.04 94146.00 57.98
2015-09-25 15:09:38 79.94 63.27 94119.00 618.61 94112.00 56.05
2015-09-25 16:09:38 80.91 64.06 94132.00 616.93 94132.00 57.19
2015-09-25 17:09:38 78.96 63.50 94129.00 617.10 94128.00 55.93
2015-09-25 18:09:38 79.45 62.71 94156.00 615.51 94149.00 55.31
2015-09-25 19:09:38 80.91 61.81 94173.00 612.95 94166.00 54.94
2015-09-25 20:09:39 82.87 61.59 94226.00 609.51 94215.00 55.42
2015-09-25 21:09:39 82.87 61.70 94264.00 605.62 94259.00 55.53
2015-09-25 22:09:39 83.84 61.59 94304.00 602.53 94297.00 55.77
2015-09-25 23:09:39 82.38 60.35 94338.00 599.27 94331.00 54.01
2015-09-26 00:09:39 82.38 60.24 94342.00 598.47 94343.00 53.89
2015-09-26 01:09:39 83.36 60.24 94298.00 603.24 94288.00 54.24
2015-09-26 02:09:40 84.33 59.67 94305.00 602.62 94293.00 54.03
2015-09-26 03:09:40 84.33 59.56 94272.00 604.39 94270.00 53.92
2015-09-26 04:09:40 84.82 59.34 94286.00 604.30 94271.00 53.87
2015-09-26 05:09:40 85.31 59.34 94277.00 604.39 94274.00 54.05
2015-09-26 06:09:40 85.80 59.56 94309.00 602.00 94308.00 54.45
2015-09-26 07:09:40 85.80 59.67 94348.00 597.24 94351.00 54.56
2015-09-26 08:09:41 85.31 60.46 94414.00 593.71 94401.00 55.17
2015-09-26 09:09:41 86.29 62.15 94447.00 589.30 94452.00 57.21
2015-09-26 10:09:41 81.89 63.27 94478.00 587.01 94470.00 56.76
2015-09-26 11:09:41 79.94 64.85 94515.00 583.66 94508.00 57.63
2015-09-26 12:09:41 78.47 63.16 94537.00 582.34 94530.00 55.41
2015-09-26 13:09:41 78.47 65.64 94514.00 584.37 94506.00 57.89
2015-09-26 14:09:42 72.12 67.33 94473.00 586.04 94480.00 57.29
2015-09-26 15:09:42 70.17 65.30 94436.00 590.80 94419.00 54.56
2015-09-26 16:09:42 71.15 65.30 94416.00 592.04 94418.00 54.91
2015-09-26 17:09:42 73.10 64.40 94435.00 590.98 94424.00 54.72
2015-09-26 18:09:42 76.52 63.27 94459.00 588.60 94458.00 54.82
2015-09-26 19:09:42 78.47 62.71 94471.00 587.81 94467.00 54.96
2015-09-26 20:09:43 81.40 62.15 94494.00 585.34 94493.00 55.45
2015-09-26 21:09:43 81.40 62.04 94569.00 579.17 94566.00 55.34
2015-09-26 22:09:43 81.40 62.15 94597.00 576.09 94590.00 55.45
2015-09-26 23:09:43 81.89 61.92 94604.00 574.77 94608.00 55.41
2015-09-27 00:09:43 81.89 61.70 94611.00 575.48 94599.00 55.18
2015-09-27 01:09:43 82.87 61.25 94583.00 577.76 94572.00 55.08
2015-09-27 02:09:44 83.36 61.25 94559.00 580.58 94559.00 55.26
2015-09-27 03:09:44 83.36 60.91 94536.00 582.43 94525.00 54.92
2015-09-27 04:09:44 84.33 60.69 94501.00 585.07 94504.00 55.05
2015-09-27 05:09:44 84.33 60.58 94499.00 586.04 94499.00 54.93
2015-09-27 06:09:44 84.82 60.24 94508.00 584.02 94498.00 54.77
2015-09-27 07:09:44 84.82 60.01 94548.00 581.37 94541.00 54.55
2015-09-27 08:09:44 85.31 60.58 94569.00 578.20 94570.00 55.29
2015-09-27 09:09:45 83.36 62.15 94591.00 577.50 94588.00 56.16
2015-09-27 10:09:45 81.40 63.27 94652.00 572.13 94645.00 56.58
2015-09-27 11:09:45 81.89 64.74 94652.00 571.52 94654.00 58.22
2015-09-27 12:09:45 81.40 66.31 94648.00 571.16 94657.00 59.62
2015-09-27 13:09:45 77.50 66.09 94619.00 574.07 94605.00 57.99
2015-09-27 14:09:45 77.01 66.42 94572.00 579.35 94560.00 58.15
2015-09-27 15:09:46 77.01 67.33 94486.00 585.43 94485.00 59.05
2015-09-27 16:09:46 77.98 66.65 94436.00 590.01 94439.00 58.72
2015-09-27 17:09:46 78.47 66.20 94382.00 595.74 94374.00 58.45
2015-09-27 18:09:46 79.94 65.19 94360.00 597.06 94353.00 57.96
2015-09-27 19:09:46 80.43 64.74 94368.00 595.92 94365.00 57.69
2015-09-27 20:09:46 82.38 63.73 94372.00 596.00 94371.00 57.38
2015-09-27 21:09:47 82.87 63.39 94411.00 593.01 94405.00 57.22
2015-09-27 22:09:47 83.36 63.05 94429.00 590.01 94437.00 57.06
2015-09-27 23:09:47 84.33 62.94 94467.00 588.07 94461.00 57.30
2015-09-28 00:09:47 84.33 62.83 94447.00 590.01 94428.00 57.18
2015-09-28 01:09:47 84.33 62.83 94396.00 594.33 94390.00 57.18
2015-09-28 02:09:47 84.82 62.94 94355.00 597.68 94343.00 57.47
2015-09-28 03:09:48 85.31 63.05 94300.00 602.62 94299.00 57.76
2015-09-28 04:09:48 85.31 63.50 94251.00 606.59 94247.00 58.21
2015-09-28 05:09:48 85.80 63.61 94238.00 608.80 94231.00 58.50
2015-09-28 06:09:48 85.80 63.84 94253.00 606.68 94255.00 58.72
2015-09-28 07:09:48 85.80 63.84 94316.00 601.74 94309.00 58.72
2015-09-28 08:09:48 86.29 64.62 94327.00 600.68 94315.00 59.69
2015-09-28 09:09:49 87.26 66.76 94332.00 599.80 94334.00 62.18
2015-09-28 10:09:49 85.80 69.58 94361.00 596.09 94361.00 64.46
2015-09-28 11:09:49 80.43 72.28 94362.00 597.15 94359.00 65.23
2015-09-28 12:09:49 77.98 69.69 94380.00 596.53 94365.00 61.76
2015-09-28 13:09:49 80.43 70.25 94328.00 600.59 94318.00 63.20
2015-09-28 14:09:49 76.03 72.95 94247.00 606.77 94250.00 64.32
2015-09-28 15:09:50 73.10 73.17 94176.00 613.92 94178.00 63.49
2015-09-28 16:09:50 71.64 73.40 94117.00 617.90 94126.00 63.19
2015-09-28 17:09:50 74.08 71.94 94111.00 619.84 94100.00 62.60
2015-09-28 18:09:50 75.54 71.49 94068.00 622.41 94061.00 62.68
2015-09-28 19:09:50 77.01 69.35 94049.00 623.64 94058.00 61.07
2015-09-28 20:09:50 80.43 68.67 94053.00 623.82 94053.00 61.63
2015-09-28 21:09:50 81.40 68.56 94074.00 622.32 94075.00 61.87
2015-09-28 22:09:51 82.87 68.45 94105.00 620.11 94101.00 62.28
2015-09-28 23:09:51 82.87 68.22 94091.00 621.79 94078.00 62.06
2015-09-29 00:09:51 83.36 68.00 94076.00 622.85 94066.00 62.01
2015-09-29 01:09:51 84.33 68.22 94030.00 626.39 94026.00 62.58
2015-09-29 02:09:51 84.33 68.11 93956.00 632.14 93956.00 62.47
2015-09-29 03:09:51 84.82 68.00 93889.00 639.22 93891.00 62.54
2015-09-29 04:09:52 84.33 67.89 93842.00 643.12 93827.00 62.25
2015-09-29 05:09:52 85.31 67.89 93801.00 646.22 93792.00 62.60
2015-09-29 06:09:52 84.82 67.55 93767.00 649.50 93777.00 62.09
2015-09-29 07:09:52 85.31 67.55 93750.00 651.18 93742.00 62.26
2015-09-29 08:09:52 85.80 67.89 93760.00 650.65 93751.00 62.77
2015-09-29 09:09:52 86.29 69.12 93758.00 650.03 93754.00 64.19
2015-09-29 10:09:52 85.31 70.81 93748.00 650.83 93746.00 65.52
2015-09-29 11:09:53 84.33 70.47 93752.00 651.45 93741.00 64.83
2015-09-29 12:09:53 84.82 72.28 93750.00 650.21 93744.00 66.81
2015-09-29 13:09:53 83.84 74.53 93750.00 651.36 93749.00 68.71
2015-09-29 14:09:53 77.98 76.44 93670.00 657.83 93672.00 68.51
2015-09-29 15:09:53 77.98 76.78 93604.00 663.34 93593.00 68.85
2015-09-29 16:09:53 75.05 74.86 93566.00 668.13 93565.00 65.88
2015-09-29 17:09:54 76.52 75.20 93535.00 670.35 93533.00 66.75
2015-09-29 18:09:54 77.50 73.85 93522.00 671.68 93516.00 65.75
2015-09-29 19:09:54 80.43 70.81 93522.00 671.68 93518.00 63.76
2015-09-29 20:09:54 82.87 69.69 93555.00 668.66 93551.00 63.52
2015-09-29 21:09:54 83.36 68.67 93615.00 663.16 93610.00 62.68
2015-09-29 22:09:54 83.84 67.66 93590.00 665.38 93588.00 61.85
2015-09-29 23:09:55 83.84 66.65 93536.00 670.09 93526.00 60.83
2015-09-30 00:09:55 84.33 65.53 93549.00 669.11 93548.00 59.88
2015-09-30 01:09:55 85.31 64.40 93513.00 672.04 93510.00 59.11
2015-09-30 02:09:55 86.29 63.84 93511.00 671.60 93520.00 58.90
2015-09-30 03:09:55 86.29 63.27 93492.00 674.44 93487.00 58.34
2015-09-30 04:09:55 88.73 64.17 93484.00 674.26 93491.00 60.12
2015-09-30 05:09:55 88.24 65.19 93483.00 674.79 93479.00 60.95
2015-09-30 06:09:56 87.75 65.08 93496.00 673.82 93493.00 60.67
2015-09-30 07:09:56 87.26 64.51 93495.00 672.93 93500.00 59.93
2015-09-30 08:09:56 86.77 65.19 93540.00 669.46 93538.00 60.43
2015-09-30 09:09:56 86.77 67.78 93586.00 665.29 93576.00 63.01
2015-09-30 10:09:56 83.36 73.29 93591.00 664.14 93588.00 67.29
2015-09-30 11:09:56 71.64 75.99 93611.00 664.22 93608.00 65.78
2015-09-30 12:09:57 65.78 83.30 93629.00 661.65 93626.00 70.98
2015-09-30 13:09:57 58.45 83.75 93609.00 664.49 93588.00 68.79
2015-09-30 14:09:57 49.18 85.66 93537.00 669.91 93530.00 67.36
2015-09-30 15:09:57 44.29 88.25 93481.00 674.88 93479.00 68.20
2015-09-30 16:09:57 45.76 83.86 93450.00 677.55 93450.00 64.33
2015-09-30 17:09:57 56.01 76.10 93421.00 680.39 93420.00 60.26
2015-09-30 18:09:58 64.80 71.04 93491.00 674.62 93480.00 58.36
2015-09-30 19:09:58 73.10 68.56 93514.00 671.68 93513.00 58.88
2015-09-30 20:09:58 72.12 68.00 93560.00 668.66 93550.00 57.97
2015-09-30 21:09:58 76.52 67.44 93579.00 666.36 93575.00 58.98
2015-09-30 22:09:58 79.45 66.88 93563.00 667.51 93572.00 59.48
2015-09-30 23:09:58 77.98 66.54 93628.00 661.83 93630.00 58.61
2015-10-01 00:09:59 77.98 64.74 93636.00 661.03 93626.00 56.81
2015-10-01 01:09:59 76.52 64.17 93594.00 664.93 93594.00 55.72
2015-10-01 02:09:59 78.47 64.06 93585.00 666.44 93577.00 56.31
2015-10-01 03:09:59 79.94 64.62 93589.00 665.47 93589.00 57.40
2015-10-01 04:09:59 80.43 64.29 93589.00 665.47 93583.00 57.24
2015-10-01 05:09:59 80.91 62.94 93567.00 667.42 93558.00 56.07
2015-10-01 06:09:59 80.91 62.49 93638.00 661.21 93635.00 55.62
2015-10-01 07:10:00 81.40 61.70 93656.00 660.23 93649.00 55.00
2015-10-01 08:10:00 81.89 61.14 93665.00 658.72 93666.00 54.62
2015-10-01 09:10:00 81.89 62.15 93680.00 657.21 93671.00 55.63
2015-10-01 10:10:00 82.38 65.08 93696.00 656.33 93690.00 58.73
2015-10-01 11:10:00 75.05 66.20 93707.00 654.11 93700.00 57.22
2015-10-01 12:10:00 74.08 66.20 93726.00 653.22 93708.00 56.87
2015-10-01 13:10:01 72.12 66.09 93698.00 655.62 93693.00 56.05
2015-10-01 14:10:01 74.57 64.74 93664.00 658.63 93653.00 55.58
2015-10-01 15:10:01 75.54 66.88 93600.00 664.76 93594.00 58.07
2015-10-01 16:10:01 73.10 66.31 93602.00 664.22 93592.00 56.63
2015-10-01 17:10:01 73.10 65.86 93562.00 667.42 93549.00 56.18
2015-10-01 18:10:01 74.57 64.51 93567.00 667.07 93566.00 55.36
2015-10-01 19:10:02 76.03 63.61 93617.00 662.63 93611.00 54.98
2015-10-01 20:10:02 80.43 62.15 93613.00 662.80 93610.00 55.10
2015-10-01 21:10:02 81.89 61.81 93650.00 660.14 93651.00 55.29
2015-10-01 22:10:02 82.38 61.81 93639.00 660.05 93647.00 55.47
2015-10-01 23:10:02 82.38 61.59 93667.00 659.70 93658.00 55.24
2015-10-02 00:10:02 81.89 60.01 93631.00 661.74 93631.00 53.49
2015-10-02 01:10:03 82.87 59.56 93604.00 664.67 93600.00 53.39
2015-10-02 02:10:03 82.87 58.89 93572.00 666.89 93571.00 52.72
2015-10-02 03:10:03 82.38 57.54 93524.00 670.62 93524.00 51.19
2015-10-02 04:10:03 83.36 57.09 93530.00 670.26 93536.00 51.09
2015-10-02 05:10:03 84.33 56.30 93491.00 674.08 93490.00 50.66
2015-10-02 06:10:03 83.84 56.19 93486.00 673.64 93476.00 50.37
2015-10-02 07:10:04 84.82 56.19 93511.00 671.68 93517.00 50.72
2015-10-02 08:10:04 84.82 56.30 93534.00 670.35 93524.00 50.84
2015-10-02 09:10:04 85.80 56.52 93560.00 668.31 93548.00 51.41
2015-10-02 10:10:04 83.36 56.52 93528.00 670.35 93534.00 50.53
2015-10-02 11:10:04 84.33 56.86 93521.00 671.33 93519.00 51.22
2015-10-02 12:10:04 83.84 56.86 93559.00 668.75 93550.00 51.05
2015-10-02 13:10:05 83.36 57.65 93533.00 670.00 93522.00 51.66
2015-10-02 14:10:05 82.87 59.00 93472.00 675.42 93469.00 52.83
2015-10-02 15:10:05 80.43 59.11 93404.00 681.55 93413.00 52.06
2015-10-02 16:10:05 81.89 58.10 93408.00 682.08 93408.00 51.58
2015-10-02 17:10:05 81.89 58.33 93409.00 681.55 93407.00 51.81
2015-10-02 18:10:05 82.38 57.09 93393.00 682.97 93390.00 50.74
2015-10-02 19:10:06 82.87 56.86 93413.00 682.71 93399.00 50.69
2015-10-02 20:10:06 83.84 56.64 93451.00 678.79 93454.00 50.82
2015-10-02 21:10:06 84.33 56.30 93414.00 682.35 93410.00 50.66
2015-10-02 22:10:06 82.87 56.41 93379.00 684.75 93376.00 50.24
2015-10-02 23:10:06 82.87 55.96 93407.00 681.64 93395.00 49.79
2015-10-03 00:10:06 81.89 55.74 93373.00 684.49 93369.00 49.22
2015-10-03 01:10:06 81.89 55.17 93349.00 686.80 93343.00 48.66
2015-10-03 02:10:07 83.84 53.60 93317.00 689.65 93312.00 47.78
2015-10-03 03:10:07 85.80 53.26 93232.00 696.41 93234.00 48.15
2015-10-03 04:10:07 87.75 53.60 93184.00 701.22 93186.00 49.19
2015-10-03 05:10:07 88.73 54.95 93185.00 701.13 93181.00 50.89
2015-10-03 06:10:07 86.77 54.84 93194.00 699.89 93187.00 50.08
2015-10-03 07:10:07 86.77 54.73 93155.00 703.81 93170.00 49.96
2015-10-03 08:10:08 88.24 54.84 93213.00 699.26 93209.00 50.60
2015-10-03 09:10:08 88.73 55.74 93154.00 704.25 93144.00 51.68
2015-10-03 10:10:08 87.75 55.40 93193.00 700.78 93193.00 50.99
2015-10-03 11:10:08 88.24 56.64 93247.00 695.97 93247.00 52.40
2015-10-03 12:10:08 89.21 58.33 93237.00 696.41 93241.00 54.44
2015-10-03 13:10:08 87.75 58.44 93269.00 694.54 93252.00 54.03
2015-10-03 14:10:09 86.77 59.23 93222.00 697.84 93214.00 54.46
2015-10-03 15:10:09 86.29 59.45 93192.00 699.89 93204.00 54.51
2015-10-03 16:10:09 85.31 58.21 93178.00 701.94 93185.00 52.92
2015-10-03 17:10:09 88.73 59.11 93190.00 700.60 93183.00 55.05
2015-10-03 18:10:09 88.73 59.67 93221.00 698.55 93222.00 55.62
2015-10-03 19:10:09 89.21 60.46 93241.00 696.41 93247.00 56.58
2015-10-03 20:10:10 88.24 59.56 93323.00 689.56 93310.00 55.33
2015-10-03 21:10:10 88.24 59.45 93325.00 689.02 93324.00 55.22
2015-10-03 22:10:10 89.21 59.67 93383.00 683.51 93377.00 55.79
2015-10-03 23:10:10 89.70 59.90 93473.00 675.86 93474.00 56.19
2015-10-04 00:10:10 89.70 59.79 93504.00 671.95 93502.00 56.08
2015-10-04 01:10:10 89.70 60.58 93528.00 670.09 93528.00 56.87
2015-10-04 02:10:10 88.73 59.34 93550.00 668.75 93544.00 55.28
2015-10-04 03:10:11 88.73 58.89 93573.00 666.44 93571.00 54.83
2015-10-04 04:10:11 88.73 58.55 93541.00 670.53 93529.00 54.49
2015-10-04 05:10:11 88.73 58.55 93473.00 675.24 93472.00 54.49
2015-10-04 06:10:11 88.73 59.11 93507.00 672.31 93507.00 55.05
2015-10-04 07:10:11 88.73 59.34 93527.00 671.15 93527.00 55.28
2015-10-04 08:10:11 87.75 59.79 93561.00 667.15 93567.00 55.38
2015-10-04 09:10:12 86.29 64.51 93572.00 666.36 93571.00 59.57
2015-10-04 10:10:13 80.91 62.83 93659.00 659.79 93649.00 55.95
2015-10-04 11:10:13 79.45 61.48 93690.00 656.86 93686.00 54.08
2015-10-04 12:10:13 80.91 64.62 93686.00 657.04 93680.00 57.75
2015-10-04 13:10:13 76.52 64.85 93674.00 657.57 93671.00 56.40
2015-10-04 14:10:13 73.59 64.62 93677.00 657.04 93673.00 55.12
2015-10-04 15:10:13 73.59 64.96 93654.00 659.79 93644.00 55.45
2015-10-04 16:10:14 74.08 63.95 93675.00 657.21 93677.00 54.62
2015-10-04 17:10:14 76.03 63.39 93723.00 652.96 93716.00 54.76
2015-10-04 18:10:14 76.52 62.71 93749.00 651.71 93742.00 54.26
2015-10-04 19:10:14 79.94 61.70 93801.00 648.17 93789.00 54.48
2015-10-04 20:10:14 81.40 61.36 93814.00 644.98 93804.00 54.67
2015-10-04 21:10:14 81.40 61.25 93826.00 643.03 93834.00 54.55
2015-10-04 22:10:14 81.40 60.69 93836.00 643.38 93844.00 53.99
2015-10-04 23:10:15 81.40 60.58 93865.00 641.08 93867.00 53.88
2015-10-05 00:10:15 81.40 60.12 93922.00 636.92 93910.00 53.43
2015-10-05 01:10:15 82.87 59.56 93895.00 637.45 93895.00 53.39
2015-10-05 02:10:15 82.87 59.79 93907.00 637.36 93901.00 53.62
2015-10-05 03:10:15 82.87 59.23 93911.00 636.83 93912.00 53.06
2015-10-05 04:10:15 82.38 59.45 93930.00 634.97 93924.00 53.11
2015-10-05 05:10:16 82.87 59.34 93914.00 637.01 93911.00 53.17
2015-10-05 06:10:16 83.36 59.67 93912.00 637.09 93906.00 53.68
2015-10-05 07:10:16 83.84 59.56 93952.00 633.46 93945.00 53.75
2015-10-05 08:10:16 80.91 61.48 94005.00 627.89 94004.00 54.60
2015-10-05 09:10:16 76.52 67.78 94041.00 625.24 94048.00 59.32
2015-10-05 10:10:16 67.73 65.75 94061.00 623.91 94049.00 54.13
2015-10-05 11:10:17 67.24 65.97 94040.00 625.59 94031.00 54.18
2015-10-05 12:10:17 60.89 78.24 94041.00 625.59 94045.00 64.16
2015-10-05 13:10:17 51.13 81.16 94020.00 627.62 94014.00 63.57
2015-10-05 14:10:17 42.34 79.81 93976.00 631.07 93974.00 59.05
2015-10-05 15:10:17 38.43 80.15 93945.00 634.53 93942.00 57.99
2015-10-05 16:10:17 42.83 75.31 93909.00 636.65 93905.00 54.73
2015-10-05 17:10:18 42.83 73.62 93950.00 634.62 93934.00 53.04
2015-10-05 18:10:18 51.62 70.25 93987.00 630.54 93982.00 52.83
2015-10-05 19:10:18 59.43 67.89 94054.00 623.20 94056.00 53.28
2015-10-05 20:10:18 67.24 63.84 94104.00 620.46 94086.00 52.04
2015-10-05 21:10:18 71.15 62.38 94146.00 615.60 94152.00 51.99
2015-10-05 22:10:18 71.15 62.60 94180.00 613.92 94177.00 52.21
2015-10-05 23:10:18 74.08 61.25 94169.00 614.19 94167.00 51.92
2015-10-06 00:10:19 74.08 59.90 94164.00 613.57 94166.00 50.57
2015-10-06 01:10:19 75.05 58.89 94134.00 617.54 94137.00 49.91
2015-10-06 02:10:19 73.59 56.98 94103.00 619.05 94100.00 47.47
2015-10-06 03:10:19 74.57 55.29 94103.00 620.02 94094.00 46.13
2015-10-06 04:10:19 77.01 55.17 94071.00 622.05 94070.00 46.90
2015-10-06 05:10:19 77.01 56.41 94095.00 620.37 94092.00 48.13
2015-10-06 06:10:20 77.50 56.30 94134.00 617.28 94124.00 48.20
2015-10-06 07:10:20 76.03 55.62 94184.00 613.30 94183.00 47.00
2015-10-06 08:10:20 77.01 56.08 94227.00 608.53 94227.00 47.80
2015-10-06 09:10:20 77.98 58.44 94269.00 605.62 94258.00 50.51
2015-10-06 10:10:20 71.64 66.09 94276.00 605.71 94261.00 55.88
2015-10-06 11:10:20 58.94 73.96 94241.00 607.03 94235.00 59.18
2015-10-06 12:10:21 51.62 77.11 94208.00 610.48 94218.00 59.69
2015-10-06 13:10:21 46.73 82.85 94180.00 613.39 94163.00 63.67
2015-10-06 14:10:21 38.43 85.33 94100.00 620.99 94100.00 63.16
2015-10-06 15:10:21 37.95 87.58 94059.00 624.88 94046.00 65.24
2015-10-06 16:10:21 31.11 84.88 94032.00 626.47 94026.00 60.07
2015-10-06 17:10:21 35.50 77.67 94030.00 626.21 94026.00 54.46
2015-10-06 18:10:21 45.27 73.17 94052.00 624.44 94048.00 53.47
2015-10-06 19:10:22 55.04 66.99 94087.00 621.26 94090.00 50.80
2015-10-06 20:10:22 56.01 62.94 94137.00 616.75 94134.00 47.10
2015-10-06 21:10:22 58.94 60.12 94179.00 613.57 94170.00 45.34
2015-10-06 22:10:22 61.87 58.44 94181.00 612.51 94173.00 44.71
2015-10-06 23:10:22 65.78 56.75 94185.00 612.24 94180.00 44.43
2015-10-07 00:10:22 66.27 55.74 94179.00 612.33 94181.00 43.59
2015-10-07 01:10:23 69.68 54.50 94189.00 612.77 94184.00 43.59
2015-10-07 02:10:23 66.75 53.38 94164.00 613.57 94165.00 41.41
2015-10-07 03:10:23 69.20 52.48 94160.00 614.81 94150.00 41.39
2015-10-07 04:10:23 68.22 51.46 94149.00 615.69 94148.00 40.02
2015-10-07 05:10:23 71.64 51.69 94157.00 615.78 94148.00 41.48
2015-10-07 06:10:23 72.12 50.67 94179.00 612.95 94176.00 40.64
2015-10-07 07:10:24 73.59 50.90 94235.00 607.30 94242.00 41.39
2015-10-07 08:10:24 75.05 51.91 94298.00 602.97 94286.00 42.93
2015-10-07 09:10:24 77.98 55.17 94355.00 597.50 94353.00 47.25
2015-10-07 10:10:24 77.98 63.73 94409.00 592.39 94412.00 55.80
2015-10-07 11:10:24 66.27 76.66 94414.00 592.04 94412.00 64.52
2015-10-07 12:10:24 52.59 82.51 94404.00 593.89 94401.00 65.45
2015-10-07 13:10:25 41.36 86.79 94377.00 595.74 94363.00 65.68
2015-10-07 14:10:25 35.02 89.04 94327.00 599.18 94319.00 65.64
2015-10-07 15:10:25 30.62 89.49 94248.00 606.68 94246.00 64.51
2015-10-07 16:10:25 26.71 83.30 94234.00 609.06 94225.00 56.92
2015-10-07 17:10:25 30.13 78.01 94254.00 607.21 94237.00 52.86
2015-10-07 18:10:25 41.85 74.86 94267.00 606.33 94257.00 53.93
2015-10-07 19:10:26 48.69 69.80 94320.00 601.56 94312.00 51.33
2015-10-07 20:10:26 55.04 65.30 94352.00 597.15 94342.00 49.11
2015-10-07 21:10:26 56.01 62.26 94385.00 595.21 94373.00 46.43
2015-10-07 22:10:26 63.34 59.79 94439.00 590.89 94435.00 46.59
2015-10-07 23:10:26 60.41 58.10 94433.00 591.68 94412.00 43.85
2015-10-08 00:10:26 62.36 56.86 94414.00 593.18 94401.00 43.31
2015-10-08 01:10:26 64.80 55.51 94402.00 593.89 94392.00 42.84
2015-10-08 02:10:27 66.27 54.84 94390.00 596.00 94371.00 42.69
2015-10-08 03:10:27 66.27 53.83 94378.00 595.83 94373.00 41.68
2015-10-08 04:10:27 66.75 53.26 94393.00 594.42 94386.00 41.29
2015-10-08 05:10:27 69.68 53.04 94383.00 594.68 94379.00 42.12
2015-10-08 06:10:27 68.22 52.81 94418.00 592.48 94405.00 41.37
2015-10-08 07:10:27 70.66 53.15 94463.00 588.77 94457.00 42.59
2015-10-08 08:10:28 71.15 53.49 94486.00 586.13 94480.00 43.10
2015-10-08 09:10:28 77.01 56.30 94572.00 578.20 94570.00 48.02
2015-10-08 10:10:28 77.01 69.12 94591.00 576.71 94593.00 60.85
2015-10-08 11:10:28 63.82 79.36 94588.00 577.76 94580.00 66.34
2015-10-08 12:10:28 49.66 83.41 94579.00 577.68 94570.00 65.29
2015-10-08 13:10:28 40.88 81.72 94536.00 581.29 94531.00 60.44
2015-10-08 14:10:29 38.43 86.11 94480.00 586.48 94468.00 63.95
2015-10-08 15:10:29 35.99 86.79 94406.00 593.27 94399.00 63.74
2015-10-08 16:10:29 30.13 82.96 94380.00 595.03 94375.00 57.81
2015-10-08 17:10:29 33.06 78.24 94379.00 595.12 94383.00 54.14
2015-10-08 18:10:29 41.36 72.61 94362.00 596.09 94366.00 51.50
2015-10-08 19:10:29 51.13 68.45 94397.00 594.50 94378.00 50.86
2015-10-08 20:10:30 56.99 64.74 94429.00 592.39 94415.00 49.25
2015-10-08 21:10:30 57.96 63.16 94455.00 589.48 94442.00 48.03
2015-10-08 22:10:30 64.31 61.25 94483.00 587.63 94467.00 48.40
2015-10-08 23:10:30 67.24 59.67 94473.00 586.92 94474.00 47.88
2015-10-09 00:10:30 65.78 57.99 94451.00 589.57 94450.00 45.67
2015-10-09 01:10:30 67.73 56.86 94395.00 593.45 94391.00 45.24
2015-10-09 02:10:31 68.22 55.74 94377.00 595.83 94365.00 44.30
2015-10-09 03:10:31 67.73 55.29 94373.00 595.47 94374.00 43.67
2015-10-09 04:10:31 69.20 54.50 94364.00 596.44 94366.00 43.41
2015-10-09 05:10:31 69.20 53.94 94361.00 596.62 94360.00 42.85
2015-10-09 06:10:31 72.12 54.39 94356.00 596.36 94359.00 44.35
2015-10-09 07:10:31 72.12 54.39 94366.00 597.15 94356.00 44.35
2015-10-09 08:10:32 71.15 55.29 94355.00 596.89 94355.00 44.90
2015-10-09 09:10:32 78.47 63.73 94438.00 589.57 94439.00 55.98
2015-10-09 10:10:32 71.15 72.72 94477.00 586.66 94477.00 62.34
2015-10-09 11:10:32 61.38 69.80 94486.00 586.75 94473.00 55.90
2015-10-09 12:10:32 62.85 75.31 94414.00 593.01 94404.00 61.94
2015-10-09 13:10:32 50.64 81.39 94341.00 598.38 94335.00 63.62
2015-10-09 14:10:32 44.78 80.26 94266.00 605.71 94266.00 60.38
2015-10-09 15:10:33 45.76 83.19 94170.00 614.89 94157.00 63.66
2015-10-09 16:10:33 44.29 82.62 94131.00 618.25 94117.00 62.57
2015-10-09 17:10:33 41.85 78.12 94084.00 620.81 94083.00 57.19
2015-10-09 18:10:33 49.66 72.84 94035.00 626.30 94025.00 54.72
2015-10-09 19:10:33 55.04 68.00 94040.00 623.91 94049.00 51.81
2015-10-09 20:10:33 58.94 65.08 94086.00 621.70 94081.00 50.29
2015-10-09 21:10:34 62.85 63.95 94140.00 617.19 94128.00 50.58
2015-10-09 22:10:34 67.73 63.95 94177.00 613.39 94172.00 52.33
2015-10-09 23:10:34 70.17 62.83 94172.00 612.95 94168.00 52.09
2015-10-10 00:10:34 72.61 63.05 94127.00 616.57 94133.00 53.19
2015-10-10 01:10:34 70.66 62.38 94102.00 620.02 94093.00 51.81
2015-10-10 02:10:34 70.66 61.81 94068.00 623.38 94056.00 51.25
2015-10-10 03:10:35 75.05 61.36 94088.00 621.43 94072.00 52.38
2015-10-10 04:10:35 77.50 61.48 94042.00 625.24 94037.00 53.37
2015-10-10 05:10:35 76.52 60.69 94001.00 629.04 94000.00 52.23
2015-10-10 06:10:35 77.01 60.58 93991.00 629.57 93991.00 52.30
2015-10-10 07:10:35 76.52 60.69 94009.00 628.42 93999.00 52.23
2015-10-10 08:10:36 77.50 60.46 94029.00 626.92 94024.00 52.36
2015-10-10 09:10:36 77.50 60.91 94056.00 624.88 94051.00 52.81
2015-10-10 10:10:36 77.98 61.14 94074.00 621.96 94077.00 53.21
2015-10-10 11:10:36 78.47 60.91 94062.00 622.58 94063.00 53.16
2015-10-10 12:10:36 80.43 60.12 94067.00 623.29 94066.00 53.08
2015-10-10 13:10:36 80.43 61.14 94050.00 624.71 94049.00 54.09
2015-10-10 14:10:36 78.96 61.81 93989.00 630.54 93987.00 54.24
2015-10-10 15:10:37 78.96 61.14 93923.00 635.41 93932.00 53.56
2015-10-10 16:10:37 80.43 60.58 93952.00 633.29 93943.00 53.53
2015-10-10 17:10:37 79.45 58.33 93989.00 630.01 93986.00 50.93
2015-10-10 18:10:37 80.91 57.42 94012.00 628.07 94001.00 50.55
2015-10-10 19:10:37 80.91 56.86 94040.00 624.97 94039.00 49.99
2015-10-10 20:10:37 81.89 56.52 94046.00 624.71 94054.00 50.01
2015-10-10 21:10:37 80.91 56.41 94069.00 623.03 94068.00 49.54
2015-10-10 22:10:38 82.87 56.08 94070.00 622.58 94070.00 49.91
2015-10-10 23:10:38 83.84 55.74 94103.00 618.96 94105.00 49.92
2015-10-11 00:10:38 83.36 55.40 94105.00 619.58 94112.00 49.41
2015-10-11 01:10:38 82.87 55.29 94056.00 624.09 94054.00 49.12
2015-10-11 02:10:38 82.38 55.40 94000.00 627.54 93996.00 49.06
2015-10-11 03:10:38 82.38 55.29 93992.00 630.37 93981.00 48.94
2015-10-11 04:10:39 80.91 54.95 93953.00 632.67 93956.00 48.08
2015-10-11 05:10:39 82.38 54.95 93965.00 631.96 93954.00 48.61
2015-10-11 06:10:39 82.87 53.94 93972.00 630.90 93975.00 47.77
2015-10-11 07:10:39 81.89 52.92 93995.00 628.77 93996.00 46.41
2015-10-11 08:10:39 83.36 53.49 94024.00 626.47 94021.00 47.49
2015-10-11 09:10:40 84.82 56.08 94086.00 621.17 94080.00 50.61
2015-10-11 10:10:40 82.38 59.23 94102.00 619.58 94095.00 52.88
2015-10-11 11:10:40 75.05 63.61 94082.00 621.79 94076.00 54.63
2015-10-11 12:10:40 64.31 69.69 94045.00 625.15 94033.00 56.84
2015-10-11 13:10:40 56.99 71.04 93964.00 632.05 93955.00 55.55
2015-10-11 14:10:40 55.04 76.44 93900.00 638.07 93891.00 60.25
2015-10-11 15:10:40 52.59 74.30 93810.00 644.80 93812.00 57.23
2015-10-11 16:10:41 39.90 75.99 93757.00 650.12 93749.00 54.35
2015-10-11 17:10:41 36.97 73.17 93718.00 653.93 93711.00 50.48
2015-10-11 18:10:41 52.11 64.62 93690.00 657.04 93688.00 47.38
2015-10-11 19:10:41 60.89 60.58 93719.00 654.02 93709.00 46.50
2015-10-11 20:10:41 68.71 60.80 93764.00 650.21 93764.00 49.53
2015-10-11 21:10:41 67.24 58.44 93783.00 649.94 93767.00 46.64
2015-10-11 22:10:42 67.73 55.85 93796.00 646.13 93798.00 44.23
2015-10-11 23:10:42 69.68 53.71 93829.00 645.42 93813.00 42.80
2015-10-12 00:10:42 70.66 52.14 93785.00 648.79 93784.00 41.57
2015-10-12 01:10:42 71.15 51.80 93765.00 649.68 93761.00 41.41
2015-10-12 02:10:42 74.08 54.39 93768.00 649.32 93762.00 45.05
2015-10-12 03:10:42 74.08 55.29 93767.00 649.76 93762.00 45.95
2015-10-12 04:10:42 73.10 56.08 93729.00 652.60 93731.00 46.39
2015-10-12 05:10:43 75.54 56.41 93708.00 653.93 93716.00 47.61
2015-10-12 06:10:43 77.50 56.08 93753.00 650.21 93750.00 47.97
2015-10-12 07:10:43 77.01 55.74 93764.00 649.76 93767.00 47.46
2015-10-12 08:10:43 76.52 55.29 93754.00 651.80 93755.00 46.83
2015-10-12 09:10:43 77.50 55.74 93732.00 652.42 93724.00 47.64
2015-10-12 10:10:43 77.98 56.86 93735.00 652.16 93727.00 48.94
2015-10-12 11:10:44 77.01 61.02 93743.00 651.54 93742.00 52.75
2015-10-12 12:10:44 64.31 74.64 93711.00 654.73 93702.00 61.79
2015-10-12 13:10:44 42.34 77.11 93677.00 658.01 93668.00 56.35
2015-10-12 14:10:44 41.85 83.19 93563.00 667.07 93565.00 62.25
2015-10-12 15:10:44 35.99 83.53 93494.00 674.71 93482.00 60.48
2015-10-12 16:10:44 31.11 82.74 93426.00 680.93 93414.00 57.94
2015-10-12 17:10:45 33.55 73.62 93389.00 682.97 93385.00 49.70
2015-10-12 18:10:45 44.78 70.81 93412.00 681.82 93407.00 50.93
2015-10-12 19:10:45 50.64 64.51 93401.00 682.08 93398.00 46.74
2015-10-12 20:10:45 55.52 61.14 93375.00 685.29 93362.00 45.13
2015-10-12 21:10:45 57.96 58.89 93344.00 686.98 93350.00 43.75
2015-10-12 22:10:45 61.87 57.54 93378.00 684.22 93372.00 43.81
2015-10-12 23:10:46 65.29 57.20 93333.00 687.96 93336.00 44.70
2015-10-13 00:10:46 64.80 55.29 93316.00 689.91 93307.00 42.61
2015-10-13 01:10:46 69.20 54.50 93236.00 697.84 93228.00 43.41
2015-10-13 02:10:46 73.10 55.29 93385.00 683.24 93383.00 45.60
2015-10-13 03:10:46 75.05 56.98 93319.00 689.74 93315.00 47.99
2015-10-13 04:10:46 72.12 56.75 93241.00 696.50 93232.00 46.72
2015-10-13 05:10:47 74.08 56.98 93179.00 702.83 93166.00 47.64
2015-10-13 06:10:47 74.57 55.40 93172.00 702.02 93175.00 46.24
2015-10-13 07:10:47 72.61 53.60 93226.00 698.82 93216.00 43.74
2015-10-13 08:10:47 75.05 53.71 93221.00 698.55 93222.00 44.73
2015-10-13 09:10:47 77.98 57.76 93240.00 696.23 93240.00 49.84
2015-10-13 10:10:47 78.96 67.21 93293.00 691.16 93294.00 59.64
2015-10-13 11:10:47 62.85 75.42 93289.00 692.05 93289.00 62.05
2015-10-13 12:10:48 49.18 80.15 93314.00 690.09 93308.00 61.85
2015-10-13 13:10:48 38.43 84.09 93288.00 691.25 93285.00 61.92
2015-10-13 14:10:48 26.23 84.09 93231.00 697.48 93226.00 57.53
2015-10-13 15:10:48 26.23 82.62 93181.00 701.40 93181.00 56.07
2015-10-13 16:10:48 16.95 80.15 93188.00 700.15 93188.00 50.25
2015-10-13 17:10:48 23.30 74.97 93245.00 697.48 93226.00 47.36
2015-10-13 18:10:49 33.06 68.00 93239.00 697.57 93234.00 43.90
2015-10-13 19:10:49 41.85 63.16 93323.00 689.38 93316.00 42.23
2015-10-13 20:10:49 50.15 57.99 93386.00 682.62 93388.00 40.04
2015-10-13 21:10:49 58.45 56.30 93455.00 676.93 93458.00 41.34
2015-10-13 22:10:49 60.41 55.06 93513.00 672.31 93512.00 40.81
2015-10-13 23:10:49 57.96 57.76 93567.00 668.13 93545.00 42.63
2015-10-14 00:10:50 58.45 55.85 93585.00 665.64 93577.00 40.89
2015-10-14 01:10:50 61.87 54.61 93581.00 666.27 93581.00 40.89
2015-10-14 02:10:50 62.85 53.26 93544.00 669.02 93544.00 39.89
2015-10-14 03:10:50 65.29 51.91 93562.00 667.60 93566.00 39.42
2015-10-14 04:10:50 70.17 51.24 93570.00 667.51 93567.00 40.50
2015-10-14 05:10:50 68.22 49.89 93598.00 664.76 93591.00 38.45
2015-10-14 06:10:51 68.71 48.42 93687.00 657.48 93679.00 37.16
2015-10-14 07:10:51 72.12 47.52 93723.00 653.13 93725.00 37.49
2015-10-14 08:10:51 73.59 47.08 93759.00 649.94 93750.00 37.57
2015-10-14 09:10:51 78.96 60.24 93805.00 645.60 93810.00 52.66
2015-10-14 10:10:51 58.94 68.00 93857.00 641.79 93844.00 53.22
2015-10-14 11:10:51 45.27 70.36 93863.00 640.73 93858.00 50.66
2015-10-14 12:10:52 37.46 74.19 93879.00 640.37 93866.00 51.67
2015-10-14 13:10:52 33.06 77.90 93847.00 642.85 93842.00 53.80
2015-10-14 14:10:52 26.23 80.94 93796.00 646.13 93801.00 54.38
2015-10-14 15:10:52 24.27 81.16 93753.00 650.65 93746.00 53.90
2015-10-14 16:10:52 22.81 77.00 93821.00 644.62 93813.00 49.21
2015-10-14 17:10:52 22.81 69.58 93828.00 644.18 93821.00 41.79
2015-10-14 18:10:52 32.57 65.08 93868.00 641.43 93852.00 40.80
2015-10-14 19:10:53 42.34 58.44 93922.00 634.44 93930.00 37.68
2015-10-14 20:10:53 47.22 55.51 93988.00 629.48 93989.00 36.51
2015-10-14 21:10:53 50.64 53.49 94024.00 626.83 94019.00 35.72
2015-10-14 22:10:53 52.59 51.80 94064.00 623.11 94056.00 34.73
2015-10-14 23:10:53 52.59 49.21 94091.00 621.26 94085.00 32.15
2015-10-15 00:10:53 58.94 47.30 94094.00 619.67 94100.00 32.52
2015-10-15 01:10:54 60.41 46.17 94117.00 618.52 94114.00 31.92
2015-10-15 02:10:54 58.94 45.50 94146.00 614.89 94149.00 30.72
2015-10-15 03:10:54 62.85 44.60 94177.00 614.19 94162.00 31.23
2015-10-15 04:10:54 60.89 43.02 94191.00 612.24 94186.00 28.95
2015-10-15 05:10:54 61.38 42.12 94215.00 610.12 94199.00 28.22
2015-10-15 06:10:54 60.89 41.00 94248.00 606.68 94242.00 26.92
2015-10-15 07:10:54 60.41 40.33 94291.00 602.00 94303.00 26.07
2015-10-15 08:10:55 62.36 40.89 94348.00 598.47 94341.00 27.34
2015-10-15 09:10:55 72.12 56.19 94452.00 588.95 94447.00 46.15
2015-10-15 10:10:55 64.80 63.95 94516.00 583.66 94510.00 51.28
2015-10-15 11:10:55 50.64 73.06 94537.00 582.17 94524.00 55.29
2015-10-15 12:10:55 34.53 75.42 94515.00 584.28 94503.00 51.85
2015-10-15 13:10:55 30.62 81.16 94463.00 587.63 94451.00 56.19
2015-10-15 14:10:56 23.30 82.62 94391.00 595.12 94387.00 55.01
2015-10-15 15:10:56 18.90 80.94 94322.00 600.41 94316.00 51.74
2015-10-15 16:10:56 17.44 79.25 94297.00 603.41 94285.00 49.53
2015-10-15 17:10:56 19.39 73.17 94294.00 603.15 94279.00 44.16
2015-10-15 18:10:56 32.09 65.53 94292.00 603.06 94292.00 41.08
2015-10-15 19:10:56 37.95 59.90 94328.00 600.06 94328.00 37.56
2015-10-15 20:10:57 48.69 54.95 94358.00 597.94 94347.00 36.48
2015-10-15 21:10:57 48.20 52.48 94351.00 597.68 94349.00 33.83
2015-10-15 22:10:57 49.66 50.45 94373.00 596.97 94367.00 32.33
2015-10-15 23:10:57 51.62 48.88 94402.00 593.80 94402.00 31.46
2015-10-16 00:10:57 52.59 47.75 94423.00 592.21 94417.00 30.68
2015-10-16 01:10:57 54.55 46.74 94404.00 594.06 94393.00 30.37
2015-10-16 02:10:58 57.96 45.50 94381.00 595.30 94377.00 30.37
2015-10-16 03:10:58 63.34 45.39 94346.00 598.30 94346.00 32.19
2015-10-16 04:10:58 60.41 45.16 94297.00 601.91 94306.00 30.91
2015-10-16 05:10:58 60.89 44.38 94253.00 606.77 94262.00 30.30
2015-10-16 06:10:58 60.89 44.38 94266.00 605.00 94271.00 30.30
2015-10-16 07:10:58 64.80 45.61 94273.00 605.00 94267.00 32.94
2015-10-16 08:10:59 70.66 47.19 94300.00 602.71 94295.00 36.62
2015-10-16 09:10:59 72.61 51.46 94309.00 601.91 94299.00 41.60
2015-10-16 10:10:59 68.71 59.45 94374.00 596.36 94370.00 48.18
2015-10-16 11:10:59 57.96 68.67 94390.00 594.86 94384.00 53.54
2015-10-16 12:10:59 40.88 69.12 94393.00 594.24 94391.00 47.84
2015-10-16 13:10:59 35.99 74.19 94381.00 595.47 94375.00 51.14
2015-10-16 14:10:59 27.69 73.96 94329.00 600.15 94329.00 47.93
2015-10-16 15:11:00 24.27 77.34 94324.00 600.94 94311.00 50.08
2015-10-16 16:11:00 16.95 73.40 94346.00 598.65 94332.00 43.50
2015-10-16 17:11:00 19.39 65.75 94388.00 594.33 94395.00 36.73
2015-10-16 18:11:00 27.69 60.69 94401.00 593.09 94398.00 34.66
2015-10-16 19:11:00 35.99 54.73 94471.00 588.07 94461.00 31.68
2015-10-16 20:11:00 35.50 50.56 94511.00 583.31 94503.00 27.34
2015-10-16 21:11:01 38.92 48.20 94539.00 581.29 94530.00 26.21
2015-10-16 22:11:01 43.32 45.95 94537.00 581.73 94530.00 25.54
2015-10-16 23:11:01 51.13 45.27 94587.00 577.24 94581.00 27.68
2015-10-17 00:11:01 52.11 44.15 94594.00 577.06 94586.00 26.91
2015-10-17 01:11:01 53.08 43.48 94585.00 576.97 94577.00 26.58
2015-10-17 02:11:01 56.99 42.46 94553.00 579.79 94549.00 26.98
2015-10-17 03:11:02 56.50 40.89 94556.00 579.08 94565.00 25.23
2015-10-17 04:11:02 60.89 41.11 94520.00 582.96 94525.00 27.03
2015-10-17 05:11:02 62.85 40.44 94535.00 582.43 94527.00 27.06
2015-10-17 06:11:02 62.85 41.45 94548.00 580.67 94535.00 28.08
2015-10-17 07:11:02 62.36 40.10 94580.00 578.12 94571.00 26.55
2015-10-17 08:11:02 64.31 39.42 94625.00 574.16 94619.00 26.58
2015-10-17 09:11:02 65.78 53.15 94699.00 566.50 94697.00 40.83
2015-10-17 10:11:03 44.78 59.34 94747.00 562.81 94748.00 39.46
2015-10-17 11:11:03 32.57 64.17 94757.00 562.37 94748.00 39.90
2015-10-17 12:11:03 26.71 66.31 94716.00 565.89 94701.00 39.93
2015-10-17 13:11:03 24.27 70.59 94682.00 568.61 94672.00 43.33
2015-10-17 14:11:03 19.39 71.26 94600.00 576.00 94595.00 42.24
2015-10-17 15:11:03 12.55 67.33 94540.00 581.81 94537.00 35.84
2015-10-17 16:11:04 15.00 69.46 94535.00 582.08 94526.00 38.86
2015-10-17 17:11:04 16.46 62.04 94577.00 578.73 94562.00 31.96
2015-10-17 18:11:04 25.25 55.62 94569.00 578.64 94562.00 28.71
2015-10-17 19:11:04 33.55 50.79 94609.00 575.04 94614.00 26.86
2015-10-17 20:11:04 41.36 46.51 94674.00 570.46 94662.00 25.40
2015-10-17 21:11:04 43.80 44.26 94697.00 567.65 94699.00 24.03
2015-10-17 22:11:05 47.22 44.38 94753.00 562.63 94756.00 25.38
2015-10-17 23:11:05 49.66 44.26 94801.00 558.33 94799.00 26.14
2015-10-18 00:11:05 51.13 43.92 94794.00 558.59 94784.00 26.33
2015-10-18 01:11:05 55.52 40.66 94787.00 558.94 94791.00 24.65
2015-10-18 02:11:05 56.01 38.75 94807.00 558.41 94797.00 22.91
2015-10-18 03:11:05 57.48 38.41 94807.00 558.94 94796.00 23.10
2015-10-18 04:11:05 59.92 39.76 94808.00 558.24 94807.00 25.33
2015-10-18 05:11:06 57.96 39.76 94830.00 556.31 94829.00 24.63
2015-10-18 06:11:06 60.41 37.40 94856.00 553.93 94855.00 23.15
2015-10-18 07:11:06 63.34 35.26 94916.00 549.11 94909.00 22.06
2015-10-18 08:11:06 66.27 35.60 94981.00 542.44 94985.00 23.46
2015-10-18 09:11:06 63.82 47.64 95096.00 532.35 95086.00 34.61
2015-10-18 10:11:06 48.20 53.71 95177.00 524.99 95175.00 35.06
2015-10-18 11:11:06 36.97 58.44 95206.00 523.06 95203.00 35.75
2015-10-18 12:11:07 31.60 61.25 95174.00 525.25 95170.00 36.63
2015-10-18 13:11:07 25.74 63.05 95132.00 529.98 95120.00 36.32
2015-10-18 14:11:07 23.79 67.21 95052.00 536.73 95047.00 39.77
2015-10-18 15:11:07 18.90 68.22 95022.00 539.54 95012.00 39.03
2015-10-18 16:11:07 17.93 63.61 94986.00 541.65 94979.00 34.06
2015-10-18 17:11:07 18.41 55.74 95011.00 539.89 95005.00 26.37
2015-10-18 18:11:07 24.76 51.35 95071.00 534.72 95066.00 24.26
2015-10-18 19:11:08 30.13 46.96 95085.00 533.58 95081.00 21.81
2015-10-18 20:11:08 36.97 45.16 95088.00 533.23 95070.00 22.47
2015-10-18 21:11:08 43.32 42.35 95111.00 530.95 95108.00 21.94
2015-10-18 22:11:08 42.34 39.20 95141.00 527.88 95143.00 18.44
2015-10-18 23:11:08 45.76 36.95 95159.00 525.87 95163.00 17.42
2015-10-19 00:11:08 54.55 34.81 95147.00 528.06 95147.00 18.45
2015-10-19 01:11:08 51.13 33.46 95123.00 529.28 95127.00 15.87
2015-10-19 02:11:09 52.59 32.00 95137.00 528.93 95126.00 14.93
2015-10-19 03:11:09 58.94 31.10 95158.00 527.44 95163.00 16.32
2015-10-19 04:11:09 56.50 30.20 95183.00 524.20 95182.00 14.54
2015-10-19 05:11:09 62.36 30.09 95219.00 521.84 95225.00 16.54
2015-10-19 06:11:09 58.45 29.30 95264.00 518.07 95260.00 14.34
2015-10-19 07:11:09 56.50 28.85 95317.00 512.74 95316.00 13.19
2015-10-19 08:11:10 63.34 29.30 95349.00 510.73 95345.00 16.10
2015-10-19 09:11:10 66.75 43.92 95394.00 506.44 95391.00 31.96
2015-10-19 10:11:10 59.43 53.94 95452.00 500.93 95445.00 39.33
2015-10-19 11:11:10 42.34 60.69 95460.00 500.23 95461.00 39.93
2015-10-19 12:11:10 28.18 62.71 95439.00 502.42 95436.00 36.86
2015-10-19 13:11:10 25.25 66.09 95382.00 507.23 95375.00 39.18
2015-10-19 14:11:11 22.32 72.05 95273.00 518.16 95266.00 44.09
2015-10-19 15:11:11 19.39 72.72 95187.00 525.34 95175.00 43.71
2015-10-19 16:11:11 15.00 70.70 95168.00 525.60 95163.00 40.10
2015-10-19 17:11:11 16.46 61.02 95136.00 529.28 95130.00 30.95
2015-10-19 18:11:11 28.18 55.40 95129.00 529.72 95117.00 29.54
2015-10-19 19:11:11 38.43 50.23 95119.00 531.12 95103.00 28.06
2015-10-19 20:11:11 39.41 46.51 95125.00 528.85 95131.00 24.70
2015-10-19 21:11:12 43.80 44.83 95129.00 529.55 95121.00 24.59
2015-10-19 22:11:12 44.78 41.00 95122.00 530.42 95121.00 21.12
2015-10-19 23:11:12 49.66 38.41 95124.00 530.51 95116.00 20.29
2015-10-20 00:11:12 47.22 36.50 95115.00 530.86 95113.00 17.50
2015-10-20 01:11:12 52.59 35.38 95108.00 531.65 95106.00 18.31
2015-10-20 02:11:12 49.66 34.02 95092.00 532.09 95093.00 15.90
2015-10-20 03:11:13 51.62 32.79 95076.00 534.02 95069.00 15.37
2015-10-20 04:11:13 54.06 32.11 95072.00 534.72 95065.00 15.57
2015-10-20 05:11:13 56.99 31.89 95053.00 536.73 95051.00 16.40
2015-10-20 06:11:13 56.01 31.32 95091.00 533.93 95085.00 15.49
2015-10-20 07:11:13 60.41 30.54 95107.00 532.09 95095.00 16.28
2015-10-20 08:11:13 64.31 30.88 95131.00 529.55 95123.00 18.03
2015-10-20 09:11:14 68.71 45.05 95158.00 528.06 95141.00 33.78
2015-10-20 10:11:14 62.36 55.96 95191.00 524.12 95194.00 42.41
2015-10-20 11:11:14 47.22 63.61 95181.00 525.17 95180.00 44.61
2015-10-20 12:11:14 32.57 69.58 95162.00 526.57 95147.00 45.30
2015-10-20 13:11:14 25.74 74.97 95104.00 531.56 95096.00 48.24
2015-10-20 14:11:14 22.32 79.59 95004.00 540.77 95004.00 51.62
2015-10-20 15:11:15 16.46 81.39 94936.00 546.56 94931.00 51.31
2015-10-20 16:11:15 16.46 79.70 94908.00 549.54 94905.00 49.63
2015-10-20 17:11:15 17.44 68.90 94904.00 549.98 94898.00 39.18
2015-10-20 18:11:15 29.16 62.94 94909.00 549.98 94893.00 37.43
2015-10-20 19:11:15 35.99 57.31 94912.00 548.40 94906.00 34.27
2015-10-20 20:11:15 43.80 53.94 94930.00 546.91 94923.00 33.71
2015-10-20 21:11:16 43.32 48.99 94939.00 546.82 94928.00 28.58
2015-10-20 22:11:16 48.69 45.61 94927.00 547.00 94926.00 27.14
2015-10-20 23:11:16 50.15 42.91 94963.00 543.14 94965.00 24.97
2015-10-21 00:11:16 59.92 41.34 94980.00 543.93 94960.00 26.91
2015-10-21 01:11:16 54.55 39.99 94959.00 544.54 94953.00 23.62
2015-10-21 02:11:16 62.85 38.64 94937.00 546.03 94952.00 25.26
2015-10-21 03:11:17 57.96 37.85 94957.00 544.54 94956.00 22.72
2015-10-21 04:11:17 56.01 36.50 94921.00 547.61 94915.00 20.66
2015-10-21 05:11:17 57.96 35.26 94934.00 547.44 94923.00 20.13
2015-10-21 06:11:17 62.85 34.81 94973.00 542.96 94978.00 21.44
2015-10-21 07:11:17 60.41 34.14 95003.00 541.38 94997.00 19.88
2015-10-21 08:11:17 67.24 34.25 95043.00 537.70 95026.00 22.46
2015-10-21 09:11:18 75.05 46.74 95119.00 530.42 95120.00 37.76
2015-10-21 10:11:18 64.31 61.70 95203.00 524.03 95191.00 48.85
2015-10-21 11:11:18 46.73 70.25 95178.00 524.90 95172.00 51.07
2015-10-21 12:11:18 33.55 75.99 95156.00 527.27 95147.00 52.06
2015-10-21 13:11:18 23.79 82.06 95096.00 532.96 95083.00 54.62
2015-10-21 14:11:18 23.79 87.01 95015.00 539.10 95013.00 59.57
2015-10-21 15:11:18 15.48 84.54 94966.00 544.37 94955.00 54.11
2015-10-21 16:11:19 16.46 83.30 94934.00 546.56 94933.00 53.23
2015-10-21 17:11:19 17.44 72.50 94922.00 547.70 94905.00 42.78
2015-10-21 18:11:19 26.71 65.53 94951.00 545.68 94928.00 39.14
2015-10-21 19:11:19 35.99 60.35 94969.00 544.37 94961.00 37.31
2015-10-21 20:11:19 40.88 54.95 95009.00 540.77 95009.00 33.67
2015-10-21 21:11:19 41.36 51.24 95017.00 540.07 95003.00 30.13
2015-10-21 22:11:20 44.78 48.09 94997.00 541.12 94993.00 28.21
2015-10-21 23:11:20 50.15 46.17 95003.00 541.56 94993.00 28.23
2015-10-22 00:11:20 49.66 44.26 94995.00 540.59 95004.00 26.14
2015-10-22 01:11:20 48.69 43.02 94949.00 545.51 94953.00 24.55
2015-10-22 02:11:20 53.08 41.56 94924.00 547.79 94920.00 24.67
2015-10-22 03:11:20 53.57 40.44 94922.00 547.88 94926.00 23.72
2015-10-22 04:11:21 56.01 39.31 94874.00 552.00 94869.00 23.48
2015-10-22 05:11:21 55.04 37.85 94884.00 552.09 94883.00 21.66
2015-10-22 06:11:21 58.45 37.29 94906.00 547.88 94914.00 22.33
2015-10-22 07:11:21 58.94 36.73 94947.00 545.95 94947.00 21.94
2015-10-22 08:11:21 64.31 36.95 94979.00 543.14 94972.00 24.10
2015-10-22 09:11:21 74.57 49.55 95065.00 535.16 95052.00 40.39
2015-10-22 10:11:22 65.29 63.16 95114.00 531.30 95096.00 50.67
2015-10-22 11:11:22 52.11 73.40 95105.00 532.26 95092.00 56.16
2015-10-22 12:11:22 34.53 78.80 95049.00 536.82 95036.00 55.23
2015-10-22 13:11:22 26.23 84.99 95010.00 539.80 95004.00 58.43
2015-10-22 14:11:22 25.25 88.70 94924.00 547.79 94922.00 61.79
2015-10-22 15:11:22 16.95 89.26 94823.00 556.22 94815.00 59.36
2015-10-22 16:11:23 11.58 85.66 94776.00 560.88 94756.00 53.83
2015-10-22 17:11:23 15.00 76.55 94780.00 560.61 94774.00 45.95
2015-10-22 18:11:23 24.27 67.33 94780.00 560.70 94775.00 40.06
2015-10-22 19:11:23 33.55 62.15 94777.00 560.35 94777.00 38.23
2015-10-22 20:11:23 36.97 57.54 94787.00 559.91 94774.00 34.85
2015-10-22 21:11:23 42.83 53.15 94812.00 557.36 94809.00 32.57
2015-10-22 22:11:24 46.73 50.67 94822.00 557.36 94815.00 31.50
2015-10-22 23:11:24 47.71 48.88 94804.00 558.06 94800.00 30.05
2015-10-23 00:11:24 52.59 47.30 94779.00 560.96 94769.00 30.23
2015-10-23 01:11:24 59.92 46.29 94738.00 564.30 94732.00 31.86
2015-10-23 02:11:24 66.75 45.84 94708.00 566.41 94705.00 33.87
2015-10-23 03:11:24 66.27 44.38 94648.00 570.90 94656.00 32.23
2015-10-23 04:11:25 61.38 43.70 94613.00 574.24 94615.00 29.80
2015-10-23 05:11:25 62.36 42.12 94623.00 574.51 94610.00 28.57
2015-10-23 06:11:25 62.85 41.45 94640.00 572.13 94632.00 28.08
2015-10-23 07:11:25 63.82 40.77 94684.00 568.35 94682.00 27.75
2015-10-23 08:11:25 65.29 40.66 94711.00 565.80 94712.00 28.17
2015-10-23 09:11:25 74.57 53.38 94764.00 561.84 94760.00 44.22
2015-10-23 10:11:26 67.73 61.48 94802.00 558.41 94788.00 49.86
2015-10-23 11:11:26 53.57 76.44 94753.00 562.99 94752.00 59.72
2015-10-23 12:11:26 35.99 81.84 94732.00 565.71 94709.00 58.79
2015-10-23 13:11:26 23.79 89.49 94637.00 572.92 94633.00 62.05
2015-10-23 14:11:26 18.90 86.79 94550.00 580.32 94544.00 57.59
2015-10-23 15:11:26 19.39 88.36 94504.00 584.46 94489.00 59.34
2015-10-23 16:11:27 18.41 83.41 94486.00 586.57 94484.00 54.04
2015-10-23 17:11:27 23.30 75.99 94470.00 587.28 94469.00 48.37
2015-10-23 18:11:27 31.60 71.26 94510.00 584.55 94504.00 46.64
2015-10-23 19:11:27 40.88 66.20 94533.00 582.61 94517.00 44.91
2015-10-23 20:11:27 41.85 62.15 94614.00 574.95 94605.00 41.22
2015-10-23 21:11:27 49.66 57.76 94633.00 574.07 94617.00 39.64
2015-10-23 22:11:27 51.62 54.27 94641.00 572.48 94638.00 36.86
2015-10-23 23:11:28 50.64 51.58 94631.00 572.57 94634.00 33.81
2015-10-24 00:11:28 54.55 49.89 94626.00 573.98 94627.00 33.52
2015-10-24 01:11:28 58.94 48.99 94590.00 575.92 94596.00 34.21
2015-10-24 02:11:28 56.99 47.64 94575.00 578.47 94577.00 32.15
2015-10-24 03:11:28 57.96 46.40 94555.00 579.61 94555.00 31.27
2015-10-24 04:11:28 62.36 45.50 94510.00 583.49 94507.00 31.95
2015-10-24 05:11:29 61.38 45.27 94488.00 585.78 94488.00 31.37
2015-10-24 06:11:29 68.22 44.38 94581.00 577.06 94587.00 32.93
2015-10-24 07:11:29 63.82 43.81 94615.00 574.86 94611.00 30.79
2015-10-24 08:11:29 65.78 43.70 94642.00 572.66 94644.00 31.38
2015-10-24 09:11:29 71.64 54.16 94698.00 567.73 94689.00 43.95
2015-10-24 10:11:29 70.66 64.29 94754.00 562.55 94751.00 53.72
2015-10-24 11:11:30 55.52 73.51 94731.00 564.30 94731.00 57.50
2015-10-24 12:11:30 42.83 76.33 94740.00 563.60 94732.00 55.74
2015-10-24 13:11:30 41.85 72.50 94700.00 567.47 94684.00 51.57
2015-10-24 14:11:30 47.22 68.11 94651.00 572.04 94637.00 49.11
2015-10-24 15:11:30 52.11 66.09 94604.00 575.12 94601.00 48.84
2015-10-24 16:11:30 55.52 65.19 94588.00 577.06 94586.00 49.18
2015-10-24 17:11:31 56.99 64.85 94599.00 576.18 94597.00 49.37
2015-10-24 18:11:31 57.96 62.49 94604.00 574.33 94608.00 47.35
2015-10-24 19:11:31 60.41 60.12 94598.00 575.92 94595.00 45.87
2015-10-24 20:11:31 65.29 59.34 94568.00 579.88 94552.00 46.84
2015-10-24 21:11:31 64.80 58.21 94611.00 574.60 94612.00 45.54
2015-10-24 22:11:31 70.17 57.31 94603.00 575.65 94593.00 46.57
2015-10-24 23:11:31 70.17 57.20 94626.00 573.98 94619.00 46.46
2015-10-25 00:11:32 70.66 55.62 94574.00 578.47 94568.00 45.06
2015-10-25 01:11:32 70.17 55.74 94542.00 581.55 94532.00 45.00
2015-10-25 02:11:32 72.12 54.84 94479.00 586.04 94479.00 44.80
2015-10-25 03:11:32 73.59 54.61 94471.00 587.19 94471.00 45.10
2015-10-25 04:11:32 74.08 54.61 94464.00 587.63 94469.00 45.28
2015-10-25 05:11:32 72.61 54.61 94477.00 586.75 94481.00 44.75
2015-10-25 06:11:33 75.05 53.71 94499.00 584.81 94496.00 44.73
2015-10-25 07:11:33 75.05 53.71 94557.00 580.05 94553.00 44.73
2015-10-25 08:11:33 77.01 53.83 94576.00 578.29 94564.00 45.55
2015-10-25 09:11:33 79.45 57.42 94584.00 577.59 94578.00 50.03
2015-10-25 10:11:33 76.03 61.02 94598.00 576.18 94603.00 52.40
2015-10-25 11:11:33 69.68 67.55 94620.00 574.86 94604.00 56.64
2015-10-25 12:11:34 59.43 74.08 94605.00 575.92 94594.00 59.47
2015-10-25 13:11:34 48.69 77.11 94561.00 579.88 94556.00 58.64
2015-10-25 14:11:34 44.29 81.61 94487.00 586.31 94478.00 61.56
2015-10-25 15:11:34 40.88 77.34 94437.00 590.36 94429.00 56.05
2015-10-25 16:11:34 43.32 72.95 94415.00 592.12 94416.00 52.54
2015-10-25 17:11:34 48.20 71.49 94439.00 591.15 94429.00 52.84
2015-10-25 18:11:35 52.11 68.22 94491.00 585.87 94486.00 50.98
2015-10-25 19:11:35 59.43 66.31 94517.00 583.31 94513.00 51.71
2015-10-25 20:11:35 61.87 63.95 94551.00 579.61 94549.00 50.22
2015-10-25 21:11:35 62.36 61.81 94552.00 579.88 94554.00 48.26
2015-10-25 22:11:35 66.27 60.46 94587.00 576.88 94591.00 48.32
2015-10-25 23:11:35 67.73 59.56 94597.00 576.97 94590.00 47.94
2015-10-26 00:11:36 69.68 59.00 94623.00 574.42 94622.00 48.09
2015-10-26 01:11:36 70.66 58.44 94580.00 578.03 94579.00 47.87
2015-10-26 02:11:36 73.59 58.10 94564.00 580.05 94561.00 48.59
2015-10-26 03:11:36 76.03 59.11 94593.00 576.09 94593.00 50.48
2015-10-26 04:11:36 76.52 61.02 94612.00 575.56 94610.00 52.57
2015-10-26 05:11:36 75.05 59.11 94682.00 568.70 94681.00 50.13
2015-10-26 06:11:37 76.52 55.85 94710.00 565.71 94710.00 47.40
2015-10-26 07:11:37 77.50 55.17 94754.00 562.37 94747.00 47.07
2015-10-26 08:11:37 77.50 54.73 94807.00 557.71 94808.00 46.62
2015-10-26 09:11:37 79.45 54.73 94837.00 554.99 94826.00 47.33
2015-10-26 10:11:37 79.94 54.39 94865.00 553.23 94859.00 47.16
2015-10-26 11:11:37 78.96 53.15 94950.00 545.16 94955.00 45.58
2015-10-26 12:11:38 77.98 54.05 94969.00 543.75 94955.00 46.12
2015-10-26 13:11:38 75.05 55.29 94909.00 549.02 94905.00 46.31
2015-10-26 14:11:38 74.57 56.08 94851.00 553.41 94851.00 46.92
2015-10-26 15:11:38 74.08 52.48 94837.00 554.81 94842.00 43.14
2015-10-26 16:11:38 75.05 51.80 94842.00 554.81 94841.00 42.82
2015-10-26 17:11:38 76.03 51.12 94806.00 557.36 94798.00 42.50
2015-10-26 18:11:39 77.50 50.34 94832.00 555.95 94822.00 42.24
2015-10-26 19:11:39 79.94 49.66 94830.00 555.43 94828.00 42.44
2015-10-26 20:11:39 80.43 50.00 94836.00 553.58 94843.00 42.95
2015-10-26 21:11:39 81.40 49.55 94860.00 552.44 94861.00 42.85
2015-10-26 22:11:39 78.96 48.99 94921.00 547.79 94921.00 41.41
2015-10-26 23:11:39 77.98 46.51 95007.00 539.80 95006.00 38.59
2015-10-27 00:11:40 76.52 46.06 94978.00 541.91 94983.00 37.61
2015-10-27 01:11:40 79.45 45.50 94985.00 541.82 94987.00 38.10
2015-10-27 02:11:40 81.89 45.05 94911.00 548.23 94911.00 38.53
2015-10-27 03:11:40 83.84 45.61 94818.00 557.54 94811.00 39.80
2015-10-27 04:11:40 82.38 45.16 94798.00 558.85 94788.00 38.82
2015-10-27 05:11:40 82.38 45.39 94694.00 566.85 94702.00 39.04
2015-10-27 06:11:40 83.36 45.61 94692.00 567.12 94692.00 39.62
2015-10-27 07:11:40 84.33 46.06 94692.00 568.70 94688.00 40.42
2015-10-27 08:11:41 84.82 46.85 94700.00 567.56 94692.00 41.39
2015-10-27 09:11:41 85.31 48.09 94743.00 563.86 94740.00 42.80
2015-10-27 10:11:41 85.31 48.88 94757.00 562.46 94757.00 43.59
2015-10-27 11:11:41 85.31 49.77 94666.00 570.64 94656.00 44.49
2015-10-27 12:11:41 85.31 50.11 94635.00 572.75 94628.00 44.82
2015-10-27 13:11:41 84.33 52.59 94537.00 581.81 94523.00 46.95
2015-10-27 14:11:42 82.38 51.58 94463.00 588.60 94467.00 45.23
2015-10-27 15:11:42 82.87 51.12 94358.00 596.80 94358.00 44.96
2015-10-27 16:11:42 85.80 53.49 94303.00 603.24 94286.00 48.37
2015-10-27 17:11:42 81.89 52.92 94226.00 609.24 94219.00 46.41
2015-10-27 18:11:42 82.38 51.91 94172.00 613.92 94171.00 45.57
2015-10-27 19:11:42 84.33 51.24 94221.00 609.59 94214.00 45.60
2015-10-27 20:11:43 85.31 51.35 94237.00 607.56 94237.00 46.06
2015-10-27 21:11:43 85.31 52.02 94143.00 616.48 94140.00 46.74
2015-10-27 22:11:43 86.29 52.36 94094.00 620.20 94088.00 47.42
2015-10-27 23:11:43 86.77 51.24 94081.00 621.35 94091.00 46.48
2015-10-28 00:11:43 87.26 53.04 94001.00 628.33 94005.00 48.45
2015-10-28 01:11:43 87.75 53.94 93934.00 634.62 93931.00 49.53
2015-10-28 02:11:44 86.77 53.26 93805.00 646.04 93799.00 48.50
2015-10-28 03:11:44 87.75 53.83 93753.00 651.71 93738.00 49.41
2015-10-28 04:11:44 88.24 54.95 93641.00 660.05 93650.00 50.72
2015-10-28 05:11:44 90.19 56.98 93538.00 669.91 93528.00 53.44
2015-10-28 06:11:44 84.82 54.95 93527.00 671.68 93510.00 49.49
2015-10-28 07:11:44 86.29 54.39 93555.00 668.84 93546.00 49.45
2015-10-28 08:11:45 90.68 57.99 93510.00 672.75 93505.00 54.63
2015-10-28 09:11:45 89.70 60.35 93464.00 676.66 93463.00 56.64
2015-10-28 10:11:45 88.24 62.83 93438.00 679.24 93421.00 58.59
2015-10-28 11:11:45 85.80 63.16 93383.00 683.86 93379.00 58.05
2015-10-28 12:11:45 84.82 64.74 93343.00 687.15 93334.00 59.27
2015-10-28 13:11:45 83.36 65.75 93291.00 691.16 93294.00 59.76
2015-10-28 14:11:45 77.98 68.22 93231.00 698.28 93216.00 60.30
2015-10-28 15:11:46 70.66 75.09 93151.00 705.86 93135.00 64.52
2015-10-28 16:11:46 58.94 71.26 93098.00 709.07 93093.00 56.48
2015-10-28 17:11:46 61.87 68.90 93134.00 706.93 93127.00 55.17
2015-10-28 18:11:46 67.73 66.20 93108.00 708.00 93102.00 54.58
2015-10-28 19:11:46 74.57 61.81 93153.00 705.05 93130.00 52.66
2015-10-28 20:11:46 78.96 60.12 93210.00 699.80 93199.00 52.55
2015-10-28 21:11:47 80.43 59.23 93246.00 695.61 93246.00 52.18
2015-10-28 22:11:47 80.43 57.76 93280.00 692.23 93279.00 50.71
2015-10-28 23:11:47 80.43 55.40 93276.00 693.39 93269.00 48.35
2015-10-29 00:11:47 81.40 53.60 93271.00 693.56 93273.00 46.90
2015-10-29 01:11:47 82.87 52.36 93250.00 695.70 93253.00 46.19
2015-10-29 02:11:47 83.36 50.56 93239.00 695.70 93233.00 44.57
2015-10-29 03:11:48 84.82 49.89 93248.00 696.41 93254.00 44.42
2015-10-29 04:11:48 85.80 49.89 93308.00 690.27 93306.00 44.77
2015-10-29 05:11:48 84.82 48.99 93287.00 692.94 93282.00 43.52
2015-10-29 06:11:48 86.29 48.42 93294.00 691.34 93291.00 43.49
2015-10-29 07:11:48 87.75 48.88 93383.00 683.60 93379.00 44.47
2015-10-29 08:11:48 86.29 49.77 93399.00 682.26 93398.00 44.84
2015-10-29 09:11:49 87.75 52.92 93488.00 674.26 93483.00 48.51
2015-10-29 10:11:49 87.26 54.95 93559.00 668.22 93556.00 50.36
2015-10-29 11:11:49 82.38 60.46 93558.00 667.95 93552.00 54.12
2015-10-29 12:11:49 79.45 61.70 93574.00 666.09 93577.00 54.30
2015-10-29 13:11:49 66.27 69.46 93534.00 669.73 93541.00 57.32
2015-10-29 14:11:49 64.31 65.19 93506.00 673.19 93496.00 52.34
2015-10-29 15:11:50 63.34 62.60 93459.00 676.75 93453.00 49.40
2015-10-29 16:11:50 60.89 63.61 93453.00 677.46 93448.00 49.53
2015-10-29 17:11:50 56.01 62.49 93441.00 677.55 93442.00 46.65
2015-10-29 18:11:50 58.45 58.33 93496.00 673.19 93493.00 43.37
2015-10-29 19:11:50 63.82 53.04 93524.00 670.71 93522.00 40.01
2015-10-29 20:11:50 68.71 50.00 93557.00 667.86 93549.00 38.73
2015-10-29 21:11:51 72.12 48.31 93602.00 664.40 93595.00 38.28
2015-10-29 22:11:51 75.05 45.84 93660.00 659.79 93645.00 36.86
2015-10-29 23:11:51 76.52 44.60 93677.00 658.19 93677.00 36.15
2015-10-30 00:11:51 78.96 43.36 93690.00 656.06 93682.00 35.79
2015-10-30 01:11:51 80.91 42.12 93711.00 655.35 93691.00 35.25
2015-10-30 02:11:51 82.87 42.01 93725.00 654.02 93715.00 35.84
2015-10-30 03:11:52 85.31 41.67 93698.00 655.35 93703.00 36.39
2015-10-30 04:11:52 86.29 42.58 93730.00 652.78 93719.00 37.64
2015-10-30 05:11:52 84.33 42.69 93793.00 647.02 93794.00 37.05
2015-10-30 06:11:52 83.36 43.14 93844.00 643.03 93843.00 37.14
2015-10-30 07:11:52 80.91 42.58 93891.00 638.78 93885.00 35.70
2015-10-30 08:11:52 81.40 41.34 93972.00 631.43 93961.00 34.64
2015-10-30 09:11:53 71.64 51.35 94063.00 623.64 94058.00 41.14
2015-10-30 10:11:53 52.59 59.23 94144.00 615.87 94140.00 42.16
2015-10-30 11:11:53 47.71 65.08 94182.00 612.69 94183.00 46.25
2015-10-30 12:11:53 34.53 66.88 94190.00 612.42 94188.00 43.30
2015-10-30 13:11:53 29.64 70.59 94124.00 618.16 94133.00 45.26
2015-10-30 14:11:53 28.18 72.16 94088.00 620.99 94082.00 46.31
2015-10-30 15:11:54 27.20 73.06 94041.00 625.77 94029.00 46.85
2015-10-30 16:11:54 26.71 66.99 94057.00 624.26 94054.00 40.60
2015-10-30 17:11:54 29.64 63.50 94034.00 626.21 94023.00 38.17
2015-10-30 18:11:54 38.92 58.55 94047.00 625.77 94039.00 36.56
2015-10-30 19:11:54 47.22 51.80 94085.00 621.17 94090.00 32.80
2015-10-30 20:11:54 53.57 47.86 94149.00 615.25 94154.00 31.15
2015-10-30 21:11:55 56.99 45.16 94189.00 611.89 94186.00 29.68
2015-10-30 22:11:55 60.41 42.58 94214.00 609.24 94213.00 28.32
2015-10-30 23:11:55 64.80 41.23 94243.00 606.94 94244.00 28.55
2015-10-31 00:11:55 66.27 39.54 94304.00 602.62 94297.00 27.39
2015-10-31 01:11:55 68.71 38.98 94277.00 605.18 94270.00 27.71
2015-10-31 02:11:55 71.64 38.98 94303.00 603.50 94299.00 28.76
2015-10-31 03:11:55 69.20 39.42 94308.00 601.12 94307.00 28.34
2015-10-31 04:11:56 71.64 39.20 94226.00 608.45 94230.00 28.99
2015-10-31 05:11:56 73.59 37.96 94277.00 605.00 94265.00 28.45
2015-10-31 06:11:56 74.08 37.85 94321.00 600.86 94319.00 28.52
2015-10-31 07:11:56 76.03 39.09 94424.00 592.48 94416.00 30.46
2015-10-31 08:11:56 78.47 40.33 94372.00 596.27 94364.00 32.58
2015-10-31 09:11:56 81.40 47.41 94421.00 591.15 94426.00 40.72
2015-10-31 10:11:57 74.08 48.88 94483.00 586.40 94468.00 39.54
2015-10-31 11:11:57 71.15 54.27 94502.00 584.81 94495.00 43.89
2015-10-31 12:11:57 59.43 56.30 94466.00 587.81 94464.00 41.69
2015-10-31 13:11:57 56.99 56.64 94419.00 591.77 94419.00 41.15
2015-10-31 14:11:57 55.04 58.10 94350.00 598.03 94347.00 41.91
2015-10-31 15:11:57 54.55 57.65 94330.00 600.24 94320.00 41.29
2015-10-31 16:11:58 56.99 56.41 94283.00 603.94 94280.00 40.93
2015-10-31 17:11:58 58.45 55.17 94303.00 602.88 94290.00 40.22
2015-10-31 18:11:58 61.38 54.84 94251.00 606.59 94248.00 40.93
2015-10-31 19:11:58 63.82 54.05 94221.00 609.59 94220.00 41.03
2015-10-31 20:11:58 65.78 53.49 94234.00 608.09 94231.00 41.17
2015-10-31 21:11:58 69.20 53.15 94236.00 608.27 94234.00 42.06
2015-10-31 22:11:59 71.15 53.83 94202.00 611.54 94189.00 43.44
2015-10-31 23:11:59 71.15 53.15 94214.00 609.86 94213.00 42.76